-2.018207,0.997462,1
-1.365604,2.672025,1
-1.687437,0.955662,1
-1.098181,1.830452,1
-1.452674,0.457508,1
-1.300741,0.918028,1
-1.326244,1.462176,1
-1.456628,0.989272,1
-1.291065,1.798542,1
-1.664195,1.214653,1
-1.303564,-0.563469,1
-0.658251,-0.630236,1
-0.768457,3.088823,1
-2.003204,3.090229,1
1.731504,0.798551,2
1.702043,0.592675,2
2.030919,-0.521600,2
1.460486,0.854165,2
1.531562,-1.272728,2
1.465114,-0.761010,2
1.526966,-0.585488,2
1.510044,-0.259799,2
1.240698,-1.762405,2
1.331032,-1.624011,2
0.610063,1.525701,2
0.520106,1.526376,2
0.096366,-1.987553,2
-0.011799,-1.758737,2
-1.499194,0.766364,1
0.090511,-0.574409,1
-1.499194,1.266364,1
0.724839,3.052663,1
1.506217,0.856571,2
-0.497546,-2.249831,2
-0.333879,1.345323,2
2.034918,-0.195322,2
-1.679386,-0.422278,1
-1.359210,2.705954,1
-1.218393,1.499720,1
-1.277821,1.868037,1
-1.645555,1.461630,1
-1.194203,3.100652,1
-1.435778,1.477398,1
-1.746266,1.178444,1
-1.125487,1.463485,1
-1.762682,2.674479,1
-1.479803,1.833333,1
-1.112011,0.620652,1
-2.053885,0.418584,1
-1.318851,2.075564,1
-1.153311,1.606524,1
-1.047305,2.776078,1
-1.573658,2.846013,1
-1.541411,1.654463,1
-1.288790,2.684709,1
-1.614532,0.811484,1
-1.435516,1.793170,1
-1.614889,2.273648,1
-1.653583,1.739672,1
-1.763194,1.666114,1
-1.669030,1.487621,1
-1.246690,3.654325,1
-2.233155,0.877494,1
-1.242270,0.203148,1
-1.438665,2.240692,1
-1.851222,1.357327,1
-1.488365,0.312704,1
-1.443496,0.832840,1
-1.516630,1.882044,1
-1.048009,2.292265,1
-1.709435,-0.114120,1
-2.158593,1.304141,1
-1.243640,1.014999,1
-1.149674,1.241791,1
-1.549616,0.900320,1
-1.359948,2.280921,1
-1.257387,2.045907,1
-0.953575,1.487763,1
-1.538398,1.346836,1
-1.461990,1.979880,1
-1.854544,1.210024,1
-1.632323,2.585264,1
-1.487051,1.017527,1
-0.964659,2.588889,1
-1.465347,2.336255,1
-2.103299,0.398753,1
-2.237107,1.149902,1
-1.748468,0.228084,1
-1.507565,1.585923,1
-1.684861,1.655401,1
-1.965547,-0.167767,1
-0.711692,-0.557736,1
0.238615,-0.632659,1
-2.006117,-0.379518,1
0.285557,-0.356304,1
-0.282207,-0.596227,1
-0.503959,-0.232460,1
0.287185,-0.193503,1
-1.743861,-0.479862,1
0.218546,-0.370972,1
-0.014675,-0.650609,1
-1.149041,0.089828,1
0.574865,-0.193659,1
-0.843318,-0.683889,1
-1.084702,-0.473565,1
-0.448683,-0.874705,1
0.527515,-0.782388,1
-1.622636,-0.562692,1
-0.490270,-0.147982,1
-0.525455,-0.037748,1
-1.589692,0.113093,1
-1.205137,-0.474864,1
-1.373288,-0.595513,1
-0.285334,-0.580296,1
-0.035603,-1.093339,1
1.198554,-0.279249,1
-0.605367,-0.292493,1
-0.496995,-0.308131,1
0.631983,-0.256045,1
-0.399659,-0.178811,1
-0.504243,-0.049809,1
-0.577138,0.073739,1
-1.115575,-0.480322,1
-0.659179,-0.908455,1
-0.184657,-0.265814,1
-0.444252,-0.695684,1
-2.278837,-0.463708,1
-2.251640,-0.548136,1
-0.997790,-0.165515,1
-1.075243,-0.419255,1
0.017434,-0.645966,1
-0.617990,-0.601840,1
-0.396335,-0.730069,1
-0.059947,0.049800,1
-0.828501,-0.404489,1
-0.722907,-0.526118,1
0.297209,-0.268427,1
0.517936,-0.458209,1
0.290328,-0.124564,1
-0.245928,-0.335157,1
-0.400663,-0.608226,1
0.930897,-0.483548,1
-0.855593,-0.726484,1
-1.494853,-0.792851,1
-0.342425,-0.411784,1
-0.375011,-1.481196,1
-0.548349,-0.044449,1
0.831518,-0.290997,1
-1.493813,-0.191533,1
0.059588,-0.578222,1
-0.698483,-0.972686,1
0.798176,-0.075558,1
-0.530349,-0.441961,1
-0.330246,-0.509650,1
0.921684,-0.857625,1
0.074334,3.036255,1
-1.400254,2.809476,1
-0.309282,2.651379,1
-1.541769,2.777289,1
-0.031798,2.854577,1
1.447108,3.141218,1
-2.536434,3.293553,1
-2.127159,2.773966,1
0.505298,3.392158,1
-1.183742,2.632087,1
-0.398611,3.394081,1
-1.758853,2.877739,1
-0.056231,2.754483,1
0.131505,2.917622,1
0.803294,3.162586,1
0.776485,3.477354,1
-0.861717,3.550029,1
-1.578635,2.743985,1
0.877312,2.510513,1
-0.405740,3.018352,1
-0.851188,2.837957,1
0.248282,2.825960,1
-0.804409,2.862710,1
-0.883169,3.283485,1
-1.023108,3.103268,1
0.308346,3.503328,1
-0.473673,2.916050,1
-0.459977,3.336756,1
-1.295382,3.270790,1
-1.288638,2.991424,1
-0.042134,2.980407,1
-1.787322,3.551528,1
0.745159,2.665046,1
-0.601537,3.066543,1
-0.920054,3.343627,1
0.818105,2.882651,1
0.353921,3.125116,1
-0.273566,3.047433,1
-0.226403,2.724865,1
0.090999,3.482573,1
-0.141920,3.199727,1
-1.649323,3.135055,1
-1.150058,3.166299,1
-0.202789,2.399985,1
1.255892,2.968084,1
-1.075463,3.454813,1
0.962777,3.439749,1
-2.063653,2.675866,1
-0.097760,2.760769,1
-2.387943,3.149201,1
0.248171,2.854869,1
-1.319204,3.297693,1
-1.976239,3.589811,1
0.525825,3.039886,1
0.387018,3.078271,1
1.114701,3.003727,1
-1.051478,2.800223,1
0.648337,2.544481,1
-0.808949,3.039320,1
-2.539629,3.033701,1
-1.537014,2.724798,1
-1.370322,2.754420,1
-1.151787,3.261719,1
-0.303420,2.984978,1
-0.864367,2.795253,1
-0.936668,3.008306,1
-1.918115,2.637437,1
-1.721460,3.038512,1
-0.177230,2.562817,1
-0.790237,2.973511,1
-0.756649,3.156863,1
-1.113314,3.294979,1
1.790419,2.721905,1
-0.030283,2.354627,1
0.329932,2.938409,1
1.560093,-1.628279,2
1.039166,-1.289061,2
1.819204,-1.645022,2
1.441203,0.631668,2
1.352646,0.183629,2
1.991801,0.413710,2
1.396758,0.113754,2
1.478097,-1.584383,2
1.754030,-0.669442,2
1.535933,0.459626,2
1.433862,-1.295739,2
1.337764,-0.374967,2
1.280015,-0.349858,2
1.326330,0.394326,2
1.163076,0.092046,2
1.683261,0.203395,2
1.165381,0.115214,2
1.771789,1.626453,2
1.397295,0.885746,2
1.046603,-1.509399,2
1.445608,0.640153,2
1.654088,0.086935,2
0.941832,0.945882,2
1.030165,0.028656,2
2.201915,-1.712541,2
2.146663,-0.771266,2
1.515153,-0.280209,2
1.538569,-0.327531,2
1.966270,-1.226924,2
1.987130,-0.564532,2
1.977625,0.556387,2
0.879048,-0.078672,2
1.673187,0.625495,2
1.650495,-1.930617,2
1.214142,-0.415729,2
1.715620,-0.317808,2
1.206265,0.849139,2
1.488658,-0.844280,2
1.389914,0.747294,2
1.081679,0.203560,2
1.464452,-0.588832,2
-0.225686,1.698196,2
-0.152930,1.555289,2
0.201176,1.201849,2
0.378465,0.987033,2
1.787086,1.451716,2
0.972155,1.772967,2
1.306521,1.823431,2
0.220707,1.224251,2
0.694398,1.535600,2
1.167800,1.583248,2
0.911213,1.424491,2
0.177464,1.964972,2
0.338090,1.632561,2
0.900418,1.318376,2
1.357341,1.896296,2
0.152581,1.258938,2
0.793411,1.528682,2
0.715341,1.900650,2
1.966279,1.591392,2
0.431633,1.870845,2
1.013011,1.007613,2
1.198998,1.417292,2
0.120852,1.752838,2
1.161418,1.542583,2
0.161999,1.665760,2
1.256812,1.215757,2
0.926005,1.847603,2
-0.583306,1.361893,2
1.054113,1.313210,2
0.354768,1.233814,2
0.152205,1.980651,2
0.836950,1.702597,2
0.454670,1.329923,2
0.225727,1.568995,2
0.242980,2.150862,2
1.564647,1.392168,2
0.584412,1.476125,2
-0.248978,1.416270,2
0.216231,1.654172,2
-0.048347,1.818887,2
-0.181736,1.785546,2
1.194533,1.572768,2
-0.077929,1.556805,2
0.715213,1.497064,2
1.011401,1.187751,2
1.453216,1.833112,2
-0.337750,1.419490,2
-0.713044,-2.071136,2
0.252980,-2.366734,2
0.450165,-2.205679,2
-0.477620,-3.017429,2
1.770007,-1.965486,2
2.246087,-2.198572,2
-0.605445,-1.759991,2
1.311299,-1.397929,2
1.176863,-2.356178,2
0.512752,-1.665451,2
0.110272,-1.917577,2
1.472116,-2.354290,2
0.574450,-1.828400,2
-0.080649,-2.102230,2
1.732509,-1.720276,2
0.539577,-2.110580,2
1.236671,-1.969754,2
-0.390328,-1.827316,2
1.751916,-2.475995,2
0.047338,-1.754639,2
-0.039338,-1.763983,2
-0.241807,-1.669702,2
-0.396670,-2.059562,2
0.071964,-2.003406,2
1.667959,-2.734049,2
1.257232,-2.060532,2
-0.242845,-2.184567,2
1.165891,-2.517554,2
-1.876111,-2.351229,2
0.676558,-1.806753,2
-1.076071,-2.382611,2
0.133226,-1.731471,2
1.058634,-1.775402,2
-0.003037,-2.006124,2
-0.925854,-1.812028,2
0.664172,-1.800284,2
1.130625,-2.173125,2
0.292939,-1.969746,2
-0.112338,-1.951056,2
1.008932,-1.713770,2
2.157491,-2.062286,2
0.490328,-1.706965,2
0.794060,-2.356467,2
-0.186401,-1.984698,2
-1.814010,-2.734755,2
0.050268,-2.210467,2
2.028413,-1.645779,2
-0.398013,-1.444015,2
1.079625,-2.654353,2
0.817177,-2.106369,2
0.943493,-2.507610,2
0.394807,-1.452298,2
1.202344,-1.574362,2
1.322356,-1.865287,2
-0.709193,-2.195856,2
-1.606132,-1.653178,2
1.630883,-2.105241,2
0.238500,-2.047143,2
0.617822,-1.811014,2
0.969582,-1.932059,2
1.731442,-2.329134,2
1.892568,-1.862358,2
-0.433095,-1.569089,2
2.273214,-1.855904,2
-1.088823,-1.778430,2
-1.254520,-2.246207,2
0.218483,-1.902458,2
1.533823,-1.304583,2
0.556885,-2.265882,2
0.184226,-1.708947,2
-1.248657,-1.860067,2
0.283392,-1.250634,2
1.419598,-2.293245,2
0.825162,-2.002161,2
0.040035,-1.426894,2
0.716395,-2.354912,2
-1.404213,-1.903200,2
-0.732846,-1.898153,2
2.154613,-2.272641,2
0.139785,-1.690922,2
0.575481,-2.482712,2
1.754480,-2.010765,2
0.557545,-2.231151,2
1.347545,-1.997008,2
0.798846,-2.568942,2
0.738427,-1.892648,2
0.495489,-2.116086,2
-0.100680,-1.948549,2
0.015813,-1.767074,2
1.164587,-1.803920,2
