0,0,0.4,0.000465,0.1229,0,1,0,0,1,0,0,0.0523281,0.1,0.8,1,1,0,1,0.14,0.3,0.1,0
0,1,0.1,0.000465,0.1229,0,1,0,0,1,0,0,0.0523281,0.1,0.8,1,1,0,1,0.14,0.2,1,0
0,0,0.05,0.000465,0.1229,0,1,0,0,1,0,0,0.0523281,0.1,0.8,1,1,0,0,0.14,0.1,1,1
0,0,0.1,0.000465,0.1229,0,1,0,0,1,0,1,0.0523281,0.1,0.8,1,0,1,1,0.14,1,0.3,1
0,0,0.15,0.000465,0.1229,0,1,0,0,1,0,0,0.0523281,0.1,0.8,1,0,0,1,0.14,1,0.2,0
0,0,0.05,0.000465,0.1229,0,1,0,0,1,0,0,0.0523281,0.1,0.8,1,0,0,1,0.14,1,0.6,0
0,0,0.1,0.000465,0.1229,0,1,0,0,1,0,0,0.0523281,0.1,0.8,1,0,0,1,0.14,1,0.8,0
0,0,0.1,0.000465,0.1229,0,1,0,0,1,0,0,0.0523281,0.1,0.8,1,0,0,1,0.14,1,1,0
0,0,0.1,0.000465,0.1229,0,1,0,0,1,0,0,0.0523281,0.1,0.8,1,0,0,1,0.14,1,1,0
0,0,0.35,0.196719,0.09565,0,1,0,0,1,0,1,0.183367,0.1,1,1,1,0,1,0.25,0.8,0.4,0
0,0,0.7,0.196719,0.09565,0,1,0,0,1,0,1,0.183367,0.1,1,1,1,0,1,0.25,0.6,0.1,1
0,1,0.1,0.196719,0.09565,0,1,0,0,1,0,0,0.183367,0.1,1,1,1,0,1,0.25,0.3,1,0
0,0,0.05,0.196719,0.09565,0,1,0,0,1,0,0,0.183367,0.1,1,1,0,0,1,0.25,1,0.3,0
0,0,0.05,0.196719,0.09565,0,1,0,0,1,0,0,0.183367,0.1,1,1,0,0,1,0.25,1,1,0
0,0,0.35,0.001975,0.261367,0,1,0,0,1,0,1,0.183367,0.2,1,1,1,0,1,0.25,1,0.2,0
0,0,0.7,0.001975,0.261367,0,1,0,0,1,0,1,0.183367,0.2,1,1,1,1,1,0.25,1,0.1,1
0,1,0.1,0.001975,0.261367,0,1,0,0,1,0,0,0.183367,0.2,1,1,1,0,1,0.25,0.9,1,0
0,0,0.05,0.001975,0.261367,0,1,0,0,1,0,0,0.183367,0.2,1,1,1,0,0,0.25,0.4,1,0
0,0,0.05,0.001975,0.261367,0,1,0,0,1,0,0,0.183367,0.2,1,1,0,0,1,0.25,1,0.5,0
0,0,0.35,0.051728,0.0962167,0,1,0,0,0,1,1,0.372622,0.4,1,1,1,0,1,0.25,1,0.1,0
0,0,0.7,0.051728,0.0962167,0,1,0,0,0,1,1,0.372622,0.4,1,1,1,1,1,0.25,1,0.2,1
0,1,0.1,0.051728,0.0962167,0,1,0,0,0,1,1,0.372622,0.4,1,1,1,0,1,0.25,1,0.9,0
0,0,0.05,0.051728,0.0962167,0,1,0,0,0,1,1,0.372622,0.4,1,1,1,0,0,0.25,0.5,1,0
0,0,0.05,0.051728,0.0962167,0,1,0,0,0,1,1,0.372622,0.4,1,1,0,0,1,0.25,1,0.4,0
0,0,0.35,9.7e-005,0.139033,1,0.823529,0,0,0,0,1,0.0499003,0.1,1,0.8,1,1,1,0.25,1,0.2,0
0,0,0.7,9.7e-005,0.139033,1,0.769231,0,0,0,0,0,0.0499003,0.1,1,0.8,1,0,1,0.25,1,0.1,0
0,1,0.1,9.7e-005,0.139033,1,0.583333,0,0,0,0,0,0.0499003,0.1,1,0.8,1,0,1,0.25,1,0.4,0
0,0,0.05,9.7e-005,0.139033,1,0.733333,0,0,0,0,0,0.0499003,0.1,1,0.8,1,0,0,0.25,1,1,0
0,0,0.05,9.7e-005,0.139033,1,0.7,0,0,0,0,0,0.0499003,0.1,1,0.8,1,0,0,0.25,0.1,1,1
0,1,0.1,0.064766,0.192967,1,0.666667,0,0,0,0,0,0.0766335,0.2,1,1,1,0,1,0.27,0.1,0.3,0
0,0,0.05,0.064766,0.192967,1,0.666667,0,0,0,0,0,0.0766335,0.2,1,1,0,0,1,0.27,1,0.1,1
0,0,0.05,0.064766,0.192967,1,0.666667,0,0,0,0,0,0.0766335,0.2,1,1,0,0,1,0.27,1,0.2,0
0,0,0.05,0.021558,0.253033,1,0.5,0,0,0,0,0,0.0643404,0.2,1,1,1,0,0,0.22,0.2,1,1
0,0,0.05,0.021558,0.253033,1,0.666667,0,0,0,0,0,0.0643404,0.2,1,1,1,0,0,0.22,0.1,1,0
0,0,0.05,0.021558,0.253033,1,0.571429,0,0,0,0,0,0.0643404,0.2,1,1,0,0,1,0.22,1,0.1,0
0,0,0.05,0.021558,0.253033,1,0.7,0,0,0,0,0,0.0643404,0.2,1,1,0,0,1,0.22,1,0.2,0
0,0,0.05,0.021558,0.253033,1,0.785714,0,0,0,0,0,0.0643404,0.2,1,1,0,0,1,0.22,1,0.3,0
0,0,0.05,0.002774,0.174617,1,1,0,0,0,1,0,0.600892,1,1,1,1,0,0,0.22,0.2,1,1
0,0,0.05,0.002774,0.174617,1,1,0,0,0,1,0,0.600892,1,1,1,1,0,0,0.22,0.1,1,0
0,0,0.05,0.002774,0.174617,1,1,0,0,0,1,1,0.600892,1,1,1,0,0,1,0.22,1,0.1,0
0,0,0.05,0.002774,0.174617,1,1,0,0,0,1,1,0.600892,1,1,1,0,0,1,0.22,1,0.2,0
0,0,0.05,0.002774,0.174617,1,1,0,0,0,1,1,0.600892,1,1,1,0,0,1,0.22,1,0.3,0
0,0,0.05,0.015353,0.06285,0,1,0,0,0,1,0,0.600892,1,1,1,1,0,0,0.22,0.3,1,1
0,0,0.05,0.015353,0.06285,0,1,0,0,0,1,0,0.600892,1,1,1,1,0,0,0.22,0.2,1,0
0,0,0.05,0.015353,0.06285,0,1,0,0,0,1,1,0.600892,1,1,1,1,0,0,0.22,0.1,1,0
0,0,0.05,0.015353,0.06285,0,1,0,0,0,1,1,0.600892,1,1,1,0,0,1,0.22,1,0.1,0
0,0,0.05,0.015353,0.06285,0,1,0,0,0,1,1,0.600892,1,1,1,0,0,1,0.22,1,0.2,0
0,0,0.05,0.005218,0.119,0,1,0,0,0,1,0,0.600892,1,1,1,1,0,0,0.22,0.3,1,1
0,0,0.05,0.005218,0.119,0,1,0,0,0,1,0,0.600892,1,1,1,1,0,0,0.22,0.2,1,0
0,0,0.05,0.005218,0.119,0,1,0,0,0,1,1,0.600892,1,1,1,1,0,0,0.22,0.1,1,0
0,0,0.05,0.005218,0.119,0,1,0,0,0,1,1,0.600892,1,1,1,0,0,1,0.22,1,0.1,0
0,0,0.05,0.005218,0.119,0,1,0,0,0,1,1,0.600892,1,1,1,0,0,1,0.22,1,0.2,0
0,0,0.05,0.011148,0.0389333,0,1,0,0,0,1,0,0.600892,1,1,1,1,0,0,0.22,0.4,1,1
0,0,0.05,0.011148,0.0389333,0,1,0,0,0,1,0,0.600892,1,1,1,1,0,0,0.22,0.3,1,0
0,0,0.05,0.011148,0.0389333,0,1,0,0,0,1,1,0.600892,1,1,1,1,0,0,0.22,0.2,1,0
0,0,0.05,0.011148,0.0389333,0,1,0,0,0,1,1,0.600892,1,1,1,1,0,0,0.22,0.1,1,0
0,0,0.05,0.011148,0.0389333,0,1,0,0,0,1,1,0.600892,1,1,1,0,1,0,0.22,1,1,0
0,0,0.05,0.006217,0.158483,0,1,0,0,0,1,0,0.600892,0.5,1,0.8,1,0,0,0.22,0.5,1,1
0,0,0.05,0.006217,0.158483,0,1,0,0,0,1,0,0.600892,0.5,1,0.8,1,0,0,0.22,0.4,1,0
0,0,0.05,0.006217,0.158483,0,1,0,0,0,1,1,0.600892,0.5,1,0.8,1,0,0,0.22,0.3,1,0
0,0,0.05,0.006217,0.158483,0,1,0,0,0,1,1,0.600892,0.5,1,0.8,1,0,0,0.22,0.2,1,0
0,0,0.05,0.006217,0.158483,0,1,0,0,0,1,1,0.600892,0.5,1,0.8,1,0,0,0.22,0.1,1,0
0,0,0.05,0.017698,0.0962,0,1,0,0,0,1,0,0.600892,0.5,1,0.4,1,0,0,0.22,0.5,1,1
0,0,0.05,0.017698,0.0962,0,1,0,0,0,1,0,0.600892,0.5,1,0.4,1,0,0,0.22,0.4,1,0
0,0,0.05,0.017698,0.0962,0,1,0,0,0,1,1,0.600892,0.5,1,0.4,1,0,0,0.22,0.3,1,0
0,0,0.05,0.017698,0.0962,0,1,0,0,0,1,1,0.600892,0.5,1,0.4,1,0,0,0.22,0.2,1,0
0,0,0.05,0.017698,0.0962,0,1,0,0,0,1,1,0.600892,0.5,1,0.4,1,0,0,0.22,0.1,1,0
0,0,0.25,0.56935,0.176833,0,1,0,0,0,1,0,0.323043,0.1,1,1,1,1,1,0.2,1,0.1,0
0,0,0.2,0.56935,0.176833,0,1,0,0,0,1,0,0.323043,0.1,1,1,1,0,0,0.2,0.9,1,1
0,1,0.1,0.56935,0.176833,0,1,0,0,0,1,0,0.323043,0.1,1,1,1,0,0,0.2,0.6,1,0
1,0,0.05,0.56935,0.176833,0,1,0,0,0,1,0,0.323043,0.1,1,1,0,0,0,0.2,1,1,0
0,0,0.25,0.574539,0.1785,0,1,0,0,0,1,0,0.323043,0.1,1,1,1,0,1,0.2,1,0.1,0
0,0,0.2,0.574539,0.1785,0,1,0,0,0,1,0,0.323043,0.1,1,1,1,0,0,0.2,1,1,1
0,1,0.1,0.574539,0.1785,0,1,0,0,0,1,0,0.323043,0.1,1,1,1,0,0,0.2,0.7,1,0
1,0,0.05,0.574539,0.1785,0,1,0,0,0,1,0,0.323043,0.1,1,1,0,0,0,0.2,1,1,0
0,0,0.25,0.373961,0.27415,0,1,0,0,0,1,0,0.323043,0.2,1,1,1,0,0,0.2,1,1,0
0,0,0.2,0.373961,0.27415,0,1,0,0,0,1,0,0.323043,0.2,1,1,1,0,0,0.2,1,1,1
0,1,0.1,0.373961,0.27415,0,1,0,0,0,1,0,0.323043,0.2,1,1,1,0,0,0.2,0.8,1,0
1,0,0.05,0.373961,0.27415,0,1,0,0,0,1,0,0.323043,0.2,1,1,0,0,0,0.2,1,1,0
0,0,0.25,0.442941,0.248017,0,1,0,0,0,1,0,0.323043,0.2,1,0.8,1,0,0,0.2,1,1,0
0,0,0.2,0.442941,0.248017,0,1,0,0,0,1,0,0.323043,0.2,1,0.8,1,0,0,0.2,1,1,1
0,1,0.1,0.442941,0.248017,0,1,0,0,0,1,0,0.323043,0.2,1,0.8,1,0,0,0.2,0.8,1,0
1,0,0.05,0.442941,0.248017,0,1,0,0,0,1,0,0.323043,0.2,1,0.8,0,0,0,0.2,1,1,0
0,0,0.25,0.442941,0.0973167,0,1,0,0,0,1,0,0.323043,0.2,1,0.6,1,0,0,0.2,1,1,0
0,0,0.2,0.442941,0.0973167,0,1,0,0,0,1,0,0.323043,0.2,1,0.6,1,0,0,0.2,1,1,1
0,1,0.1,0.442941,0.0973167,0,1,0,0,0,1,0,0.323043,0.2,1,0.6,1,0,0,0.2,0.8,1,0
1,0,0.05,0.442941,0.0973167,0,1,0,0,0,1,0,0.323043,0.2,1,0.6,0,0,0,0.2,1,1,0
0,0,0.05,0.681914,0.153483,1,0.75,0,0,1,0,0,0.21537,0.2,1,0.2,1,0,0,0.07,0.3,1,0
0,0,0.05,0.681914,0.153483,1,0.846154,0,0,1,0,0,0.21537,0.2,1,0.2,1,0,0,0.07,0.2,1,0
0,0,0.05,0.681914,0.153483,1,0.75,0,0,1,0,0,0.21537,0.2,1,0.2,1,0,0,0.07,0.1,1,1
0,0,0.25,0.000118,0.1229,0,1,0,0,1,0,1,0.104433,0.1,1,0.4,1,0,0,0.16,1,1,0
0,0,0.15,0.000118,0.1229,0,1,0,0,1,0,0,0.104433,0.1,1,0.4,1,0,0,0.16,1,1,0
0,1,0.1,0.000118,0.1229,0,1,0,0,1,0,0,0.104433,0.1,1,0.4,1,0,1,0.16,0.7,0.1,0
0,0,0.05,0.000118,0.1229,0,1,0,0,1,0,0,0.104433,0.1,1,0.4,1,0,0,0.16,0.5,1,0
0,0,0.05,0.000118,0.1229,0,1,0,0,1,0,1,0.104433,0.1,1,0.4,1,0,0,0.16,0.2,1,1
0,0,0.1,0.001953,0.103433,1,0.8125,0,0,0,0,0,0.16302,0.4,1,1,1,0,1,0.14,0.2,0.1,1
0,1,0.1,0.001953,0.103433,1,0.692308,0,0,0,0,0,0.16302,0.4,1,1,1,0,1,0.14,0.1,0.2,0
0,0,0.4,0.060901,0.1596,1,0.714286,0,0,0,0,0,0.136877,0.5,1,1,1,0,1,0.58,1,0.3,0
0,1,0.1,0.060901,0.1596,1,0.75,0,0,0,0,0,0.136877,0.5,1,1,1,0,0,0.58,1,1,0
0,0,0.05,0.060901,0.1596,1,0.8,0,0,0,0,0,0.136877,0.5,1,1,1,0,0,0.58,1,1,0
1,0,0.05,0.060901,0.1596,1,0.785714,0,0,0,0,0,0.136877,0.5,1,1,0,0,0,0.58,1,1,0
0,0,0.1,0.060901,0.1596,1,0.714286,0,0,0,0,0,0.136877,0.5,1,1,1,0,1,0.58,0.3,0.5,0
0,0,0.05,0.060901,0.1596,1,0.642857,0,0,0,0,0,0.136877,0.5,1,1,1,0,0,0.58,0.1,1,1
0,1,0.1,0.060901,0.1596,1,0.733333,0,0,0,0,0,0.136877,0.5,1,1,0,0,1,0.58,1,0.1,0
0,1,0.1,0.060901,0.1596,1,0.692308,0,0,0,0,0,0.136877,0.5,1,1,0,0,1,0.58,1,0.6,0
0,0,0.4,0.27638,0.0945333,0,1,0,0,0,0,0,0.136877,0.5,1,1,1,0,1,0.58,1,0.3,0
0,1,0.1,0.27638,0.0945333,0,1,0,0,0,0,0,0.136877,0.5,1,1,1,0,0,0.58,1,1,0
0,0,0.05,0.27638,0.0945333,0,1,0,0,0,0,0,0.136877,0.5,1,1,1,0,0,0.58,1,1,0
1,0,0.05,0.27638,0.0945333,0,1,0,0,0,0,0,0.136877,0.5,1,1,0,0,0,0.58,1,1,0
0,0,0.1,0.27638,0.0945333,0,1,0,0,0,0,0,0.136877,0.5,1,1,1,0,1,0.58,0.3,0.5,0
0,0,0.05,0.27638,0.0945333,0,1,0,0,0,0,0,0.136877,0.5,1,1,1,0,0,0.58,0.1,1,1
0,1,0.1,0.27638,0.0945333,0,1,0,0,0,0,0,0.136877,0.5,1,1,0,0,1,0.58,1,0.1,0
0,1,0.1,0.27638,0.0945333,0,1,0,0,0,0,0,0.136877,0.5,1,1,0,0,1,0.58,1,0.6,0
0,1,0.1,0.187846,0.184617,0,1,0,0,0,0,0,0.023198,0.1,0.6,1,1,0,1,0.37,0.1,1,0
0,0,0.05,0.187846,0.184617,0,1,0,0,0,0,0,0.023198,0.1,0.6,1,0,0,1,0.37,1,0.1,0
0,0,0.05,0.187846,0.184617,0,1,0,0,0,0,0,0.023198,0.1,0.6,1,0,0,1,0.37,1,0.2,0
0,0,0.05,0.187846,0.184617,0,1,0,0,0,0,0,0.023198,0.1,0.6,1,0,0,1,0.37,1,0.3,1
0,0,0.05,0.187846,0.184617,0,1,0,0,0,0,0,0.023198,0.1,0.6,1,0,0,1,0.37,1,0.4,0
0,0,0.25,0.187846,0.184617,0,1,0,0,0,0,0,0.023198,0.1,0.6,1,0,0,1,0.37,1,0.5,0
0,0,0.05,0.187846,0.184617,0,1,0,0,0,0,0,0.023198,0.1,0.6,1,0,0,1,0.37,1,0.8,1
0,0,0.05,0.187846,0.184617,0,1,0,0,0,0,0,0.023198,0.1,0.6,1,0,0,1,0.37,1,1,0
0,0,0.05,0.187846,0.184617,0,1,0,0,0,0,0,0.023198,0.1,0.6,1,0,0,1,0.37,1,1,0
0,1,0.1,0.0636,0.0706333,0,1,0,0,0,1,0,0.230749,0.4,1,1,1,0,1,0.37,0.6,0.8,0
0,0,0.05,0.0636,0.0706333,0,1,0,0,0,1,0,0.230749,0.4,1,1,1,0,0,0.37,0.5,1,0
0,0,0.05,0.0636,0.0706333,0,1,0,0,0,1,0,0.230749,0.4,1,1,1,0,0,0.37,0.4,1,0
0,0,0.05,0.0636,0.0706333,0,1,0,0,0,1,0,0.230749,0.4,1,1,1,0,0,0.37,0.3,1,1
0,0,0.05,0.0636,0.0706333,0,1,0,0,0,1,0,0.230749,0.4,1,1,1,0,0,0.37,0.2,1,0
0,0,0.25,0.0636,0.0706333,0,1,0,0,0,1,1,0.230749,0.4,1,1,1,0,1,0.37,0.1,0.1,0
0,0,0.05,0.0636,0.0706333,0,1,0,0,0,1,0,0.230749,0.4,1,1,0,0,1,0.37,1,0.3,0
0,0,0.05,0.0636,0.0706333,0,1,0,0,0,1,0,0.230749,0.4,1,1,0,0,1,0.37,1,0.6,0
0,0,0.05,0.0636,0.0706333,0,1,0,0,0,1,0,0.230749,0.4,1,1,0,0,1,0.37,1,0.7,0
0,1,0.1,0.000758,0.124583,0,1,0,0,0,1,0,0.230749,0.2,1,1,1,0,1,0.37,0.6,0.7,0
0,0,0.05,0.000758,0.124583,0,1,0,0,0,1,0,0.230749,0.2,1,1,1,0,0,0.37,0.5,1,0
0,0,0.05,0.000758,0.124583,0,1,0,0,0,1,0,0.230749,0.2,1,1,1,0,0,0.37,0.4,1,0
0,0,0.05,0.000758,0.124583,0,1,0,0,0,1,0,0.230749,0.2,1,1,1,0,0,0.37,0.3,1,1
0,0,0.05,0.000758,0.124583,0,1,0,0,0,1,0,0.230749,0.2,1,1,1,0,0,0.37,0.2,1,0
0,0,0.25,0.000758,0.124583,0,1,0,0,0,1,1,0.230749,0.2,1,1,1,1,1,0.37,0.1,0.1,0
0,0,0.05,0.000758,0.124583,0,1,0,0,0,1,0,0.230749,0.2,1,1,0,0,1,0.37,1,0.2,0
0,0,0.05,0.000758,0.124583,0,1,0,0,0,1,0,0.230749,0.2,1,1,0,0,1,0.37,1,0.5,0
0,0,0.05,0.000758,0.124583,0,1,0,0,0,1,0,0.230749,0.2,1,1,0,0,1,0.37,1,0.6,0
0,1,0.1,0.131419,0.0606167,0,1,0,0,0,0,0,0.127735,0.6,1,1,1,0,1,0.37,0.7,0.7,0
0,0,0.05,0.131419,0.0606167,0,1,0,0,0,0,0,0.127735,0.6,1,1,1,0,0,0.37,0.6,1,0
0,0,0.05,0.131419,0.0606167,0,1,0,0,0,0,0,0.127735,0.6,1,1,1,0,0,0.37,0.5,1,0
0,0,0.05,0.131419,0.0606167,0,1,0,0,0,0,0,0.127735,0.6,1,1,1,0,0,0.37,0.4,1,1
0,0,0.05,0.131419,0.0606167,0,1,0,0,0,0,0,0.127735,0.6,1,1,1,0,0,0.37,0.3,1,0
0,0,0.25,0.131419,0.0606167,0,1,0,0,0,0,1,0.127735,0.6,1,1,1,0,1,0.37,0.2,0.1,0
0,0,0.05,0.131419,0.0606167,0,1,0,0,0,0,1,0.127735,0.6,1,1,0,0,1,0.37,1,0.2,1
0,0,0.05,0.131419,0.0606167,0,1,0,0,0,0,0,0.127735,0.6,1,1,0,0,1,0.37,1,0.5,0
0,0,0.05,0.131419,0.0606167,0,1,0,0,0,0,0,0.127735,0.6,1,1,0,0,1,0.37,1,0.6,0
0,1,0.1,0.209498,0.0767333,0,1,0,0,0,1,0,0.230749,0.2,1,1,1,0,1,0.37,0.9,0.5,0
0,0,0.05,0.209498,0.0767333,0,1,0,0,0,1,0,0.230749,0.2,1,1,1,0,0,0.37,0.8,1,0
0,0,0.05,0.209498,0.0767333,0,1,0,0,0,1,0,0.230749,0.2,1,1,1,0,0,0.37,0.7,1,0
0,0,0.05,0.209498,0.0767333,0,1,0,0,0,1,0,0.230749,0.2,1,1,1,0,0,0.37,0.6,1,1
0,0,0.05,0.209498,0.0767333,0,1,0,0,0,1,0,0.230749,0.2,1,1,1,0,0,0.37,0.5,1,0
0,0,0.25,0.209498,0.0767333,0,1,0,0,0,1,1,0.230749,0.2,1,1,1,0,1,0.37,0.4,0.1,0
0,0,0.05,0.209498,0.0767333,0,1,0,0,0,1,0,0.230749,0.2,1,1,1,0,0,0.37,0.1,1,0
0,0,0.05,0.209498,0.0767333,0,1,0,0,0,1,0,0.230749,0.2,1,1,0,0,1,0.37,1,0.3,0
0,0,0.05,0.209498,0.0767333,0,1,0,0,0,1,0,0.230749,0.2,1,1,0,0,1,0.37,1,0.4,0
0,1,0.1,0.428951,0.07285,0,1,0,0,0,1,0,0.230749,0.4,1,1,1,0,1,0.37,1,0.3,0
0,0,0.05,0.428951,0.07285,0,1,0,0,0,1,0,0.230749,0.4,1,1,1,0,0,0.37,1,1,0
0,0,0.05,0.428951,0.07285,0,1,0,0,0,1,0,0.230749,0.4,1,1,1,0,0,0.37,0.9,1,0
0,0,0.05,0.428951,0.07285,0,1,0,0,0,1,0,0.230749,0.4,1,1,1,0,0,0.37,0.8,1,1
0,0,0.05,0.428951,0.07285,0,1,0,0,0,1,0,0.230749,0.4,1,1,1,0,0,0.37,0.7,1,0
0,0,0.25,0.428951,0.07285,0,1,0,0,0,1,1,0.230749,0.4,1,1,1,0,0,0.37,0.6,1,0
0,0,0.05,0.428951,0.07285,0,1,0,0,0,1,0,0.230749,0.4,1,1,1,0,0,0.37,0.3,1,1
0,0,0.05,0.428951,0.07285,0,1,0,0,0,1,0,0.230749,0.4,1,1,0,0,1,0.37,1,0.1,0
0,0,0.05,0.428951,0.07285,0,1,0,0,0,1,0,0.230749,0.4,1,1,0,0,1,0.37,1,0.2,0
0,1,0.1,0.172061,0.0533833,0,1,0,0,0,1,0,0.230749,0.4,1,1,1,0,1,0.37,1,0.3,0
0,0,0.05,0.172061,0.0533833,0,1,0,0,0,1,0,0.230749,0.4,1,1,1,0,0,0.37,1,1,0
0,0,0.05,0.172061,0.0533833,0,1,0,0,0,1,0,0.230749,0.4,1,1,1,0,0,0.37,0.9,1,0
0,0,0.05,0.172061,0.0533833,0,1,0,0,0,1,0,0.230749,0.4,1,1,1,0,0,0.37,0.8,1,0
0,0,0.05,0.172061,0.0533833,0,1,0,0,0,1,0,0.230749,0.4,1,1,1,0,0,0.37,0.7,1,1
0,0,0.25,0.172061,0.0533833,0,1,0,0,0,1,1,0.230749,0.4,1,1,1,0,0,0.37,0.6,1,0
0,0,0.05,0.172061,0.0533833,0,1,0,0,0,1,0,0.230749,0.4,1,1,1,0,0,0.37,0.3,1,0
0,0,0.05,0.172061,0.0533833,0,1,0,0,0,1,0,0.230749,0.4,1,1,0,0,1,0.37,1,0.1,0
0,0,0.05,0.172061,0.0533833,0,1,0,0,0,1,0,0.230749,0.4,1,1,0,0,1,0.37,1,0.2,0
0,1,0.1,0,0.0333667,0,1,0,0,0,1,0,0.230749,0.4,1,1,1,0,1,0.37,1,0.3,0
0,0,0.05,0,0.0333667,0,1,0,0,0,1,0,0.230749,0.4,1,1,1,0,0,0.37,1,1,0
0,0,0.05,0,0.0333667,0,1,0,0,0,1,0,0.230749,0.4,1,1,1,0,0,0.37,0.9,1,0
0,0,0.05,0,0.0333667,0,1,0,0,0,1,0,0.230749,0.4,1,1,1,0,0,0.37,0.8,1,1
0,0,0.05,0,0.0333667,0,1,0,0,0,1,0,0.230749,0.4,1,1,1,0,0,0.37,0.7,1,0
0,0,0.25,0,0.0333667,0,1,0,0,0,1,1,0.230749,0.4,1,1,1,0,0,0.37,0.6,1,0
0,0,0.05,0,0.0333667,0,1,0,0,0,1,0,0.230749,0.4,1,1,1,0,0,0.37,0.3,1,0
0,0,0.05,0,0.0333667,0,1,0,0,0,1,0,0.230749,0.4,1,1,0,0,1,0.37,1,0.1,0
0,0,0.05,0,0.0333667,0,1,0,0,0,1,0,0.230749,0.4,1,1,0,0,1,0.37,1,0.2,0
0,0,0.1,0.805645,0.0706333,0,1,0,0,0,1,1,0.605534,1,1,1,1,0,1,0.27,0.7,1,0
0,0,0.5,0.805645,0.0706333,0,1,0,0,0,1,1,0.605534,1,1,1,1,1,1,0.27,0.6,0.2,1
0,1,0.1,0.805645,0.0706333,0,1,0,0,0,1,1,0.605534,1,1,1,1,0,1,0.27,0.5,1,0
0,0,0.05,0.805645,0.0706333,0,1,0,0,0,1,1,0.605534,1,1,1,1,0,0,0.27,0.2,1,0
0,0,0.1,0.805645,0.0706333,0,1,0,0,0,1,1,0.605534,1,1,1,0,0,1,0.27,1,0.1,0
0,0,0.15,0.805645,0.0706333,0,1,0,0,0,1,1,0.605534,1,1,1,0,0,1,0.27,1,0.3,0
0,0,0.05,0.805645,0.0706333,0,1,0,0,0,1,1,0.605534,1,1,1,0,0,1,0.27,1,0.4,0
0,0,0.1,0.805645,0.0706333,0,1,0,0,0,1,1,0.605534,1,1,1,0,0,1,0.27,1,0.8,0
0,0,0.1,0.006342,0.0533833,0,1,0,0,0,1,1,0.605534,1,1,1,1,0,1,0.27,0.9,1,0
0,0,0.5,0.006342,0.0533833,0,1,0,0,0,1,1,0.605534,1,1,1,1,0,1,0.27,0.8,0.1,1
0,1,0.1,0.006342,0.0533833,0,1,0,0,0,1,1,0.605534,1,1,1,1,0,1,0.27,0.7,1,0
0,0,0.05,0.006342,0.0533833,0,1,0,0,0,1,1,0.605534,1,1,1,1,0,0,0.27,0.4,1,0
0,0,0.1,0.006342,0.0533833,0,1,0,0,0,1,1,0.605534,1,1,1,1,0,1,0.27,0.1,1,0
0,0,0.15,0.006342,0.0533833,0,1,0,0,0,1,1,0.605534,1,1,1,0,0,1,0.27,1,0.2,0
0,0,0.05,0.006342,0.0533833,0,1,0,0,0,1,1,0.605534,1,1,1,0,0,1,0.27,1,0.3,0
0,0,0.1,0.006342,0.0533833,0,1,0,0,0,1,1,0.605534,1,1,1,0,0,1,0.27,1,0.7,0
0,0,0.1,0,0.0595,0,1,0,0,0,1,1,0.605534,0.2,1,1,1,0,1,0.27,1,0.5,0
0,0,0.5,0,0.0595,0,1,0,0,0,1,1,0.605534,0.2,1,1,1,0,1,0.27,1,0.1,0
0,1,0.1,0,0.0595,0,1,0,0,0,1,1,0.605534,0.2,1,1,1,0,1,0.27,1,0.7,0
0,0,0.05,0,0.0595,0,1,0,0,0,1,1,0.605534,0.2,1,1,1,0,0,0.27,1,1,0
0,0,0.1,0,0.0595,0,1,0,0,0,1,1,0.605534,0.2,1,1,1,0,1,0.27,0.7,0.4,0
0,0,0.15,0,0.0595,0,1,0,0,0,1,1,0.605534,0.2,1,1,1,0,1,0.27,0.5,0.3,1
0,0,0.05,0,0.0595,0,1,0,0,0,1,1,0.605534,0.2,1,1,1,0,0,0.27,0.4,1,0
0,0,0.1,0,0.0595,0,1,0,0,0,1,1,0.605534,0.2,1,1,0,1,1,0.27,1,0.2,0
0,0,0.1,0.001971,0.197417,1,0.733333,0,0,0,0,0,0.0846004,0.2,1,0.8,1,0,1,0.27,1,0.2,0
0,0,0.5,0.001971,0.197417,1,0.846154,0,0,0,0,1,0.0846004,0.2,1,0.8,1,0,1,0.27,1,0.3,0
0,1,0.1,0.001971,0.197417,1,0.75,0,0,0,0,0,0.0846004,0.2,1,0.8,1,0,1,0.27,1,0.4,0
0,0,0.05,0.001971,0.197417,1,0.8,0,0,0,0,0,0.0846004,0.2,1,0.8,1,0,0,0.27,1,1,0
0,0,0.1,0.001971,0.197417,1,0.666667,0,0,0,0,0,0.0846004,0.2,1,0.8,1,0,1,0.27,1,0.1,0
0,0,0.15,0.001971,0.197417,1,0.571429,0,0,0,0,0,0.0846004,0.2,1,0.8,1,0,0,0.27,0.9,1,0
0,0,0.05,0.001971,0.197417,1,0.818182,0,0,0,0,0,0.0846004,0.2,1,0.8,1,0,0,0.27,0.8,1,0
0,0,0.1,0.001971,0.197417,1,0.727273,0,0,0,0,0,0.0846004,0.2,1,0.8,1,0,0,0.27,0.4,1,1
0,0,0.1,0.029796,0.0900833,0,1,0,0,0,0,0,0.142199,0.1,1,1,1,0,0,0.27,0.4,1,0
0,1,0.1,0.029796,0.0900833,0,1,0,0,0,0,0,0.142199,0.1,1,1,1,0,1,0.27,0.2,0.8,0
0,0,0.1,0.029796,0.0900833,0,1,0,0,0,0,0,0.142199,0.1,1,1,1,0,1,0.27,0.1,0.7,1
0,0,0.05,0.029796,0.0900833,0,1,0,0,0,0,0,0.142199,0.1,1,1,0,0,1,0.27,1,0.1,0
0,0,0.1,0.029796,0.0900833,0,1,0,0,0,0,0,0.142199,0.1,1,1,0,0,1,0.27,1,0.2,0
0,0,0.05,0.029796,0.0900833,0,1,0,0,0,0,0,0.142199,0.1,1,1,0,0,1,0.27,1,0.3,0
0,0,0.05,0.029796,0.0900833,0,1,0,0,0,0,0,0.142199,0.1,1,1,0,0,1,0.27,1,0.5,0
0,0,0.05,0.029796,0.0900833,0,1,0,0,0,0,0,0.142199,0.1,1,1,0,0,1,0.27,1,0.6,0
0,0,0.1,0.001926,0.160167,0,1,0,0,0,1,0,0.37341,0.4,1,1,1,0,0,0.27,0.6,1,0
0,1,0.1,0.001926,0.160167,0,1,0,0,0,1,0,0.37341,0.4,1,1,1,0,1,0.27,0.4,0.6,0
0,0,0.1,0.001926,0.160167,0,1,0,0,0,1,1,0.37341,0.4,1,1,1,0,1,0.27,0.3,0.5,0
0,0,0.05,0.001926,0.160167,0,1,0,0,0,1,1,0.37341,0.4,1,1,1,0,0,0.27,0.2,1,1
0,0,0.1,0.001926,0.160167,0,1,0,0,0,1,1,0.37341,0.4,1,1,1,0,1,0.27,0.1,0.2,0
0,0,0.05,0.001926,0.160167,0,1,0,0,0,1,0,0.37341,0.4,1,1,0,0,1,0.27,1,0.1,0
0,0,0.05,0.001926,0.160167,0,1,0,0,0,1,1,0.37341,0.4,1,1,0,0,1,0.27,1,0.3,0
0,0,0.05,0.001926,0.160167,0,1,0,0,0,1,1,0.37341,0.4,1,1,0,0,1,0.27,1,0.4,0
0,0,0.1,0,0.16795,0,1,0,0,0,0,0,0.0792004,0.2,1,1,1,0,0,0.27,0.6,1,0
0,1,0.1,0,0.16795,0,1,0,0,0,0,0,0.0792004,0.2,1,1,1,0,1,0.27,0.4,0.5,0
0,0,0.1,0,0.16795,0,1,0,0,0,0,0,0.0792004,0.2,1,1,1,0,1,0.27,0.3,0.4,0
0,0,0.05,0,0.16795,0,1,0,0,0,0,0,0.0792004,0.2,1,1,1,0,0,0.27,0.2,1,0
0,0,0.1,0,0.16795,0,1,0,0,0,0,0,0.0792004,0.2,1,1,1,0,1,0.27,0.1,0.1,0
0,0,0.05,0,0.16795,0,1,0,0,0,0,1,0.0792004,0.2,1,1,0,1,0,0.27,1,1,1
0,0,0.05,0,0.16795,0,1,0,0,0,0,0,0.0792004,0.2,1,1,0,0,1,0.27,1,0.2,0
0,0,0.05,0,0.16795,0,1,0,0,0,0,0,0.0792004,0.2,1,1,0,0,1,0.27,1,0.3,0
0,0,0.1,0,0.233,0,1,0,0,0,0,0,0.142199,0.2,1,1,1,0,0,0.27,1,1,0
0,1,0.1,0,0.233,0,1,0,0,0,0,0,0.142199,0.2,1,1,1,0,1,0.27,0.8,0.1,0
0,0,0.1,0,0.233,0,1,0,0,0,0,0,0.142199,0.2,1,1,1,1,0,0.27,0.7,1,1
0,0,0.05,0,0.233,0,1,0,0,0,0,0,0.142199,0.2,1,1,1,0,0,0.27,0.6,1,0
0,0,0.1,0,0.233,0,1,0,0,0,0,0,0.142199,0.2,1,1,1,0,0,0.27,0.5,1,0
0,0,0.05,0,0.233,0,1,0,0,0,0,0,0.142199,0.2,1,1,1,0,0,0.27,0.4,1,0
0,0,0.05,0,0.233,0,1,0,0,0,0,0,0.142199,0.2,1,1,1,0,0,0.27,0.2,1,0
0,0,0.05,0,0.233,0,1,0,0,0,0,0,0.142199,0.2,1,1,1,0,0,0.27,0.1,1,0
0,1,0.1,0,0.263033,0,1,0,0,0,0,0,0.0639971,0.1,1,1,1,0,1,0.36,0.1,0.6,0
0,0,0.05,0,0.263033,0,1,0,0,0,0,0,0.0639971,0.1,1,1,0,1,0,0.36,1,1,1
0,0,0.05,0,0.263033,0,1,0,0,0,0,0,0.0639971,0.1,1,1,0,0,1,0.36,1,0.1,0
0,0,0.05,0,0.263033,0,1,0,0,0,0,0,0.0639971,0.1,1,1,0,0,1,0.36,1,0.2,0
0,0,0.05,0,0.263033,0,1,0,0,0,0,0,0.0639971,0.1,1,1,0,0,1,0.36,1,0.3,0
0,0,0.05,0,0.263033,0,1,0,0,0,0,0,0.0639971,0.1,1,1,0,0,1,0.36,1,0.4,0
0,0,0.05,0,0.263033,0,1,0,0,0,0,0,0.0639971,0.1,1,1,0,0,1,0.36,1,0.5,0
0,1,0.1,0.036994,0.0862,0,1,0,0,0,0,0,0.0457973,0.3,1,1,1,0,1,0.36,0.4,0.4,0
0,0,0.05,0.036994,0.0862,0,1,0,0,0,0,0,0.0457973,0.3,1,1,1,0,0,0.36,0.3,1,0
0,0,0.05,0.036994,0.0862,0,1,0,0,0,0,0,0.0457973,0.3,1,1,1,0,0,0.36,0.2,1,1
0,0,0.05,0.036994,0.0862,0,1,0,0,0,0,0,0.0457973,0.3,1,1,1,0,0,0.36,0.1,1,0
0,0,0.05,0.036994,0.0862,0,1,0,0,0,0,0,0.0457973,0.3,1,1,0,0,1,0.36,1,0.1,0
0,0,0.05,0.036994,0.0862,0,1,0,0,0,0,0,0.0457973,0.3,1,1,0,0,1,0.36,1,0.2,0
0,0,0.05,0.036994,0.0862,0,1,0,0,0,0,0,0.0457973,0.3,1,1,0,0,1,0.36,1,0.3,0
0,1,0.1,0,0.0951,0,1,0,0,0,0,0,0.0928733,0.4,1,1,1,0,1,0.36,0.6,0.2,0
0,0,0.05,0,0.0951,0,1,0,0,0,0,0,0.0928733,0.4,1,1,1,0,0,0.36,0.5,1,0
0,0,0.05,0,0.0951,0,1,0,0,0,0,0,0.0928733,0.4,1,1,1,0,0,0.36,0.4,1,0
0,0,0.05,0,0.0951,0,1,0,0,0,0,0,0.0928733,0.4,1,1,1,0,0,0.36,0.3,1,0
0,0,0.05,0,0.0951,0,1,0,0,0,0,0,0.0928733,0.4,1,1,1,0,0,0.36,0.2,1,0
0,0,0.05,0,0.0951,0,1,0,0,0,0,0,0.0928733,0.4,1,1,1,0,0,0.36,0.1,1,1
0,0,0.05,0,0.0951,0,1,0,0,0,0,0,0.0928733,0.4,1,1,0,0,1,0.36,1,0.1,0
0,1,0.1,0,0.0367,0,1,0,0,0,0,0,0.0928733,0.4,1,1,1,0,1,0.36,0.6,0.2,0
0,0,0.05,0,0.0367,0,1,0,0,0,0,0,0.0928733,0.4,1,1,1,0,0,0.36,0.5,1,0
0,0,0.05,0,0.0367,0,1,0,0,0,0,0,0.0928733,0.4,1,1,1,0,0,0.36,0.4,1,0
0,0,0.05,0,0.0367,0,1,0,0,0,0,0,0.0928733,0.4,1,1,1,0,0,0.36,0.3,1,0
0,0,0.05,0,0.0367,0,1,0,0,0,0,0,0.0928733,0.4,1,1,1,0,0,0.36,0.2,1,0
0,0,0.05,0,0.0367,0,1,0,0,0,0,0,0.0928733,0.4,1,1,1,0,0,0.36,0.1,1,1
0,0,0.05,0,0.0367,0,1,0,0,0,0,0,0.0928733,0.4,1,1,0,0,1,0.36,1,0.1,0
0,1,0.1,0,0.137367,0,1,0,0,0,0,0,0.0928733,0.1,1,1,1,0,1,0.36,0.6,0.2,0
0,0,0.05,0,0.137367,0,1,0,0,0,0,0,0.0928733,0.1,1,1,1,0,0,0.36,0.5,1,0
0,0,0.05,0,0.137367,0,1,0,0,0,0,0,0.0928733,0.1,1,1,1,0,0,0.36,0.4,1,0
0,0,0.05,0,0.137367,0,1,0,0,0,0,0,0.0928733,0.1,1,1,1,0,0,0.36,0.3,1,0
0,0,0.05,0,0.137367,0,1,0,0,0,0,0,0.0928733,0.1,1,1,1,0,0,0.36,0.2,1,0
0,0,0.05,0,0.137367,0,1,0,0,0,0,0,0.0928733,0.1,1,1,1,0,0,0.36,0.1,1,1
0,0,0.05,0,0.137367,0,1,0,0,0,0,0,0.0928733,0.1,1,1,0,0,1,0.36,1,0.1,0
0,1,0.1,0.000276,0.05505,0,1,0,0,0,0,0,0.0558858,0.2,1,1,1,0,1,0.19,0.2,0.4,0
0,0,0.15,0.000276,0.05505,0,1,0,0,0,0,0,0.0558858,0.2,1,1,1,0,1,0.19,0.1,0.1,1
0,0,0.05,0.000276,0.05505,0,1,0,0,0,0,0,0.0558858,0.2,1,1,0,0,1,0.19,1,0.2,0
0,1,0.1,0.000675,0.0650667,0,1,0,0,0,1,0,0.425053,0.7,1,1,1,0,1,0.19,0.2,0.4,0
0,0,0.15,0.000675,0.0650667,0,1,0,0,0,1,1,0.425053,0.7,1,1,1,0,1,0.19,0.1,0.1,1
0,0,0.05,0.000675,0.0650667,0,1,0,0,0,1,1,0.425053,0.7,1,1,0,0,1,0.19,1,0.2,0
0,1,0.1,0,0.0545,0,1,0,0,0,1,0,0.425053,0.7,1,1,1,0,1,0.19,0.3,0.3,0
0,0,0.15,0,0.0545,0,1,0,0,0,1,1,0.425053,0.7,1,1,1,0,1,0.19,0.2,0.2,1
0,0,0.05,0,0.0545,0,1,0,0,0,1,1,0.425053,0.7,1,1,0,0,1,0.19,1,0.1,0
0,1,0.1,0.001948,0.497167,0,1,0,0,0,1,0,0.425053,0.7,1,1,1,0,1,0.19,0.3,0.2,0
0,0,0.15,0.001948,0.497167,0,1,0,0,0,1,1,0.425053,0.7,1,1,1,0,1,0.19,0.2,0.1,0
0,0,0.05,0.001948,0.497167,0,1,0,0,0,1,1,0.425053,0.7,1,1,0,1,0,0.19,1,1,1
0,1,0.1,0.001302,0.0539333,0,1,0,0,0,1,0,0.425053,0.2,1,1,1,0,1,0.19,0.4,0.2,0
0,0,0.15,0.001302,0.0539333,0,1,0,0,0,1,1,0.425053,0.2,1,1,1,0,1,0.19,0.3,0.1,1
0,0,0.05,0.001302,0.0539333,0,1,0,0,0,1,1,0.425053,0.2,1,1,1,0,0,0.19,0.1,1,0
0,0,0.2,0.028377,0.185183,0,1,0,0,0,0,1,0.189802,0.2,0.6,1,1,0,1,0.15,0.3,0.1,1
0,1,0.1,0.028377,0.185183,0,1,0,0,0,0,0,0.189802,0.2,0.6,1,1,0,1,0.15,0.1,0.6,0
0,0,0.05,0.028377,0.185183,0,1,0,0,0,0,1,0.189802,0.2,0.6,1,0,1,0,0.15,1,1,0
0,0,0.05,0.028377,0.185183,0,1,0,0,0,0,0,0.189802,0.2,0.6,1,0,0,1,0.15,1,0.2,0
0,0,0.05,0.028377,0.185183,0,1,0,0,0,0,0,0.189802,0.2,0.6,1,0,0,1,0.15,1,0.4,0
0,0,0.05,0.028377,0.185183,0,1,0,0,0,0,0,0.189802,0.2,0.6,1,0,0,1,0.15,1,0.5,0
0,0,0.2,0.517479,0.161833,0,1,0,0,0,1,0,0.53066,0.2,1,1,1,1,0,0.15,0.5,1,0
0,1,0.1,0.517479,0.161833,0,1,0,0,0,1,1,0.53066,0.2,1,1,1,0,1,0.15,0.3,0.3,0
0,0,0.05,0.517479,0.161833,0,1,0,0,0,1,0,0.53066,0.2,1,1,1,0,0,0.15,0.2,1,0
0,0,0.05,0.517479,0.161833,0,1,0,0,0,1,1,0.53066,0.2,1,1,0,1,0,0.15,1,1,1
0,0,0.05,0.517479,0.161833,0,1,0,0,0,1,1,0.53066,0.2,1,1,0,0,1,0.15,1,0.1,0
0,0,0.05,0.517479,0.161833,0,1,0,0,0,1,1,0.53066,0.2,1,1,0,0,1,0.15,1,0.2,0
0,0,0.05,0.080602,0.307533,1,0.714286,0,0,0,1,0,0.631253,0.6,1,1,1,0,0,0.14,0.2,1,1
0,1,0.05,0.080602,0.307533,1,0.833333,0,0,0,1,0,0.631253,0.6,1,1,1,0,0,0.14,0.1,1,0
0,0,0.1,0.080602,0.307533,1,0.714286,0,0,0,1,1,0.631253,0.6,1,1,0,1,0,0.14,1,1,0
0,0,0.05,0.080602,0.307533,1,0.8,0,0,0,1,1,0.631253,0.6,1,1,0,0,1,0.14,1,0.1,0
0,0,0.05,0.002445,0.15405,1,1,0,0,0,1,0,0.631253,0.3,1,0.8,1,0,0,0.14,0.4,1,0
0,1,0.05,0.002445,0.15405,1,1,0,0,0,1,0,0.631253,0.3,1,0.8,1,0,0,0.14,0.3,1,0
0,0,0.1,0.002445,0.15405,1,1,0,0,0,1,1,0.631253,0.3,1,0.8,1,0,0,0.14,0.2,1,0
0,0,0.05,0.002445,0.15405,1,1,0,0,0,1,1,0.631253,0.3,1,0.8,0,1,0,0.14,1,1,1
0,0,0.05,0.262555,0.11455,0,1,0,0,0,1,0,0.631253,0.3,1,0.4,1,0,0,0.14,0.5,1,0
0,1,0.05,0.262555,0.11455,0,1,0,0,0,1,0,0.631253,0.3,1,0.4,1,0,0,0.14,0.4,1,0
0,0,0.1,0.262555,0.11455,0,1,0,0,0,1,1,0.631253,0.3,1,0.4,1,0,0,0.14,0.3,1,0
0,0,0.05,0.262555,0.11455,0,1,0,0,0,1,1,0.631253,0.3,1,0.4,1,0,0,0.14,0.1,1,1
0,1,0.1,5e-006,0.152933,0,1,0,0,0,1,1,0.500431,0.5,1,0.6,1,0,1,0.17,1,0.3,0
0,0,0.25,5e-006,0.152933,0,1,0,0,0,1,1,0.500431,0.5,1,0.6,1,0,1,0.17,0.9,0.1,1
0,0,0.25,5e-006,0.152933,0,1,0,0,0,1,1,0.500431,0.5,1,0.6,1,0,1,0.17,0.8,0.2,0
0,0,0.05,5e-006,0.152933,0,1,0,0,0,1,1,0.500431,0.5,1,0.6,1,0,0,0.17,0.1,1,0
0,1,0.1,0,0.175717,0,1,0,0,0,0,0,0.0945804,0.1,1,1,1,0,1,0.21,0.7,0.5,0
0,0,0.2,0,0.175717,0,1,0,0,0,0,0,0.0945804,0.1,1,1,1,0,1,0.21,0.6,0.1,1
0,0,0.25,0,0.175717,0,1,0,0,0,0,0,0.0945804,0.1,1,1,1,0,1,0.21,0.5,0.2,0
0,0,0.05,0,0.175717,0,1,0,0,0,0,0,0.0945804,0.1,1,1,0,0,1,0.21,1,0.4,0
0,1,0.1,0.019243,0.180183,0,1,0,0,0,0,0,0.0695761,0.1,1,1,1,0,1,0.21,0.8,0.4,0
0,0,0.2,0.019243,0.180183,0,1,0,0,0,0,0,0.0695761,0.1,1,1,1,0,0,0.21,0.7,1,0
0,0,0.25,0.019243,0.180183,0,1,0,0,0,0,0,0.0695761,0.1,1,1,1,0,1,0.21,0.6,0.1,1
0,0,0.05,0.019243,0.180183,0,1,0,0,0,0,0,0.0695761,0.1,1,1,0,0,1,0.21,1,0.3,0
0,0,0.25,0.219731,0.1457,0,1,0,0,0,0,0,0.218415,0.2,1,1,1,0,1,0.26,0.7,0.1,0
0,1,0.2,0.219731,0.1457,0,1,0,0,0,0,0,0.218415,0.2,1,1,1,0,1,0.26,0.5,0.2,0
1,0,0.05,0.219731,0.1457,0,1,0,0,0,0,0,0.218415,0.2,1,1,0,0,0,0.26,1,1,0
0,0,0.05,0.219731,0.1457,0,1,0,0,0,0,0,0.218415,0.2,1,1,1,0,0,0.26,0.1,1,1
0,0,0.25,0.439946,0.125133,0,1,0,0,0,0,0,0.218415,0.4,1,1,1,0,1,0.26,0.7,0.1,0
0,1,0.2,0.439946,0.125133,0,1,0,0,0,0,0,0.218415,0.4,1,1,1,0,1,0.26,0.5,0.2,0
1,0,0.05,0.439946,0.125133,0,1,0,0,0,0,0,0.218415,0.4,1,1,0,0,0,0.26,1,1,0
0,0,0.05,0.439946,0.125133,0,1,0,0,0,0,0,0.218415,0.4,1,1,1,0,0,0.26,0.1,1,1
0,0,0.25,0.505738,0.106767,0,1,0,0,0,0,0,0.218415,0.4,1,1,1,0,1,0.26,0.7,0.1,0
0,1,0.2,0.505738,0.106767,0,1,0,0,0,0,0,0.218415,0.4,1,1,1,0,1,0.26,0.5,0.2,0
1,0,0.05,0.505738,0.106767,0,1,0,0,0,0,0,0.218415,0.4,1,1,0,0,0,0.26,1,1,0
0,0,0.05,0.505738,0.106767,0,1,0,0,0,0,0,0.218415,0.4,1,1,1,0,0,0.26,0.1,1,1
0,0,0.25,0.224906,0.140133,0,1,0,0,0,0,0,0.218415,0.3,1,1,1,0,1,0.26,0.8,0.2,0
0,1,0.2,0.224906,0.140133,0,1,0,0,0,0,0,0.218415,0.3,1,1,1,0,1,0.26,0.6,0.1,0
1,0,0.05,0.224906,0.140133,0,1,0,0,0,0,0,0.218415,0.3,1,1,0,0,0,0.26,1,1,0
0,0,0.05,0.224906,0.140133,0,1,0,0,0,0,0,0.218415,0.3,1,1,1,0,0,0.26,0.2,1,1
0,0,0.25,0.033905,0.1229,1,1,0,0,0,0,0,0.218415,0.3,1,1,1,0,1,0.26,0.8,0.2,0
0,1,0.2,0.033905,0.1229,1,1,0,0,0,0,0,0.218415,0.3,1,1,1,0,1,0.26,0.6,0.1,0
1,0,0.05,0.033905,0.1229,1,1,0,0,0,0,0,0.218415,0.3,1,1,0,0,0,0.26,1,1,0
0,0,0.05,0.033905,0.1229,1,1,0,0,0,0,0,0.218415,0.3,1,1,1,0,0,0.26,0.2,1,1
0,1,0.1,0.09511,0.157383,1,0.727273,0,0,0,0,0,0.0905508,0.1,0.8,1,1,0,1,0.13,0.1,0.3,0
0,0,0.1,0.09511,0.157383,1,0.5,0,0,0,0,1,0.0905508,0.1,0.8,1,0,1,1,0.13,1,0.1,1
0,0,0.05,0.09511,0.157383,1,0.857143,0,0,0,0,0,0.0905508,0.1,0.8,1,0,0,1,0.13,1,0.2,0
0,1,0.1,2e-006,0.111217,0,1,0,0,0,1,0,0.661699,1,1,0.8,1,0,1,0.17,0.2,0.1,0
0,0,0.05,2e-006,0.111217,0,1,0,0,0,1,1,0.661699,1,1,0.8,1,0,0,0.17,0.1,1,0
0,0,0.05,2e-006,0.111217,0,1,0,0,0,1,1,0.661699,1,1,0.8,0,1,0,0.17,1,1,1
0,1,0.1,0.0004,0.107317,0,1,0,0,1,0,1,0.107869,0.2,1,0.4,1,0,1,0.17,0.3,0.1,0
0,0,0.05,0.0004,0.107317,0,1,0,0,1,0,0,0.107869,0.2,1,0.4,1,0,0,0.17,0.2,1,0
0,0,0.05,0.0004,0.107317,0,1,0,0,1,0,0,0.107869,0.2,1,0.4,1,0,0,0.17,0.1,1,1
0,0,0.1,0.001943,0.0806333,0,1,0,0,0,0,0,0.212591,0.4,1,1,1,0,1,0.3,0.3,0.8,0
0,0,0.1,0.001943,0.0806333,0,1,0,0,0,0,0,0.212591,0.4,1,1,1,0,1,0.3,0.2,0.2,0
0,0,0.1,0.001943,0.0806333,0,1,0,0,0,0,0,0.212591,0.4,1,1,1,0,1,0.3,0.1,0.1,1
0,0,0.05,0.001943,0.0806333,0,1,0,0,0,0,0,0.212591,0.4,1,1,0,0,1,0.3,1,0.3,0
0,0,0.05,0.001943,0.0806333,0,1,0,0,0,0,0,0.212591,0.4,1,1,0,0,1,0.3,1,0.4,0
0,0,0.15,0.001943,0.0806333,0,1,0,0,0,0,0,0.212591,0.4,1,1,0,0,1,0.3,1,0.5,0
0,0,0.1,0.000528,0.2091,1,1,0,0,0,0,0,0.212591,0.1,1,1,1,0,1,0.3,0.6,0.5,0
0,0,0.1,0.000528,0.2091,1,1,0,0,0,0,0,0.212591,0.1,1,1,1,0,0,0.3,0.5,1,0
0,0,0.1,0.000528,0.2091,1,1,0,0,0,0,0,0.212591,0.1,1,1,1,0,0,0.3,0.4,1,1
0,0,0.05,0.000528,0.2091,1,1,0,0,0,0,0,0.212591,0.1,1,1,1,0,0,0.3,0.1,1,0
0,0,0.05,0.000528,0.2091,1,1,0,0,0,0,0,0.212591,0.1,1,1,0,0,1,0.3,1,0.1,0
0,0,0.15,0.000528,0.2091,1,0.666667,0,0,0,0,0,0.212591,0.1,1,1,0,0,1,0.3,1,0.2,0
0,0,0.1,0.001395,0.120117,0,1,0,0,0,0,0,0.212591,0.3,1,1,1,0,1,0.3,0.7,0.4,0
0,0,0.1,0.001395,0.120117,0,1,0,0,0,0,0,0.212591,0.3,1,1,1,0,0,0.3,0.6,1,0
0,0,0.1,0.001395,0.120117,0,1,0,0,0,0,0,0.212591,0.3,1,1,1,0,0,0.3,0.5,1,0
0,0,0.05,0.001395,0.120117,0,1,0,0,0,0,0,0.212591,0.3,1,1,1,0,0,0.3,0.2,1,0
0,0,0.05,0.001395,0.120117,0,1,0,0,0,0,0,0.212591,0.3,1,1,1,0,0,0.3,0.1,1,1
0,0,0.15,0.001395,0.120117,0,1,0,0,0,0,0,0.212591,0.3,1,1,0,0,1,0.3,1,0.1,0
0,0,0.2,0.359297,0.514967,1,1,0,0,0,1,0,0.578931,0.2,0.4,1,1,0,1,0.09,0.2,0.2,1
0,0,0.05,0.359297,0.514967,1,0.666667,0,0,0,1,1,0.578931,0.2,0.4,1,0,1,0,0.09,1,1,0
1,0,0.05,0.359297,0.514967,1,1,0,0,0,1,0,0.578931,0.2,0.4,1,0,0,0,0.09,1,1,0
0,0,0.2,0.306268,0.17685,1,0.2,0,1,0,1,0,0.578931,0.2,1,1,1,0,1,0.09,0.3,0.1,1
0,0,0.05,0.306268,0.17685,1,0.333333,0,1,0,1,1,0.578931,0.2,1,1,1,0,0,0.09,0.1,1,0
1,0,0.05,0.306268,0.17685,1,0.642857,0,1,0,1,0,0.578931,0.2,1,1,0,0,0,0.09,1,1,0
0,0,0.2,0.807979,0.1963,0,1,0,0,0,1,0,0.578931,0.3,1,0.6,1,0,1,0.09,0.4,0.1,1
0,0,0.05,0.807979,0.1963,0,1,0,0,0,1,1,0.578931,0.3,1,0.6,1,0,0,0.09,0.2,1,0
1,0,0.05,0.807979,0.1963,0,1,0,0,0,1,0,0.578931,0.3,1,0.6,0,0,0,0.09,1,1,0
0,0,0.4,0,0.109567,1,0.714286,0,0,0,1,1,0.335163,0.9,1,1,1,0,1,0.23,0.7,0.2,0
0,0,0.05,0,0.109567,1,0.714286,0,0,0,1,0,0.335163,0.9,1,1,1,0,0,0.23,0.5,1,0
0,1,0.1,0,0.109567,1,0.833333,0,0,0,1,0,0.335163,0.9,1,1,1,0,1,0.23,0.4,0.7,0
0,0,0.05,0,0.109567,1,0.5,0,0,0,1,1,0.335163,0.9,1,1,1,0,0,0.23,0.2,1,1
0,0,0.05,0,0.109567,1,0.692308,0,0,0,1,1,0.335163,0.9,1,1,0,0,1,0.23,1,0.1,0
1,0,0.05,0,0.109567,1,0.785714,0,0,0,1,0,0.335163,0.9,1,1,0,0,0,0.23,1,1,0
0,0,0.05,0,0.109567,1,0.5,0,0,0,1,0,0.335163,0.9,1,1,0,0,1,0.23,1,0.6,0
0,0,0.4,0.004335,0.157933,1,0.785714,0,0,0,0,1,0.178916,0.1,1,1,1,1,1,0.23,0.8,0.1,0
0,0,0.05,0.004335,0.157933,1,0.571429,0,0,0,0,0,0.178916,0.1,1,1,1,0,0,0.23,0.6,1,0
0,1,0.1,0.004335,0.157933,1,0.75,0,0,0,0,0,0.178916,0.1,1,1,1,0,1,0.23,0.5,0.4,0
0,0,0.05,0.004335,0.157933,1,0.625,0,0,0,0,0,0.178916,0.1,1,1,1,0,0,0.23,0.3,1,0
0,0,0.05,0.004335,0.157933,1,0.846154,0,0,0,0,0,0.178916,0.1,1,1,1,0,0,0.23,0.1,1,1
1,0,0.05,0.004335,0.157933,1,0.785714,0,0,0,0,0,0.178916,0.1,1,1,0,0,0,0.23,1,1,0
0,0,0.05,0.004335,0.157933,1,0.5,0,0,0,0,0,0.178916,0.1,1,1,0,0,1,0.23,1,0.3,0
0,0,0.15,0,0.0851,0,1,0,0,1,0,0,0.246177,0.2,1,0.4,1,0,1,0.16,0.4,0.1,0
0,1,0.05,0,0.0851,0,1,0,0,1,0,0,0.246177,0.2,1,0.4,1,0,0,0.16,0.3,1,0
0,0,0.05,0,0.0851,0,1,0,0,1,0,0,0.246177,0.2,1,0.4,1,0,0,0.16,0.1,1,1
0,1,0.05,0,0.0851,0,1,0,0,1,0,0,0.246177,0.2,1,0.4,0,0,1,0.16,1,0.2,0
0,0,0.4,5.8e-005,0.317533,1,1,0,0,1,0,0,0.129187,0.1,1,1,1,0,1,0.16,0.4,0.1,1
0,1,0.1,5.8e-005,0.317533,1,1,0,0,1,0,0,0.129187,0.1,1,1,1,0,1,0.16,0.3,0.6,0
0,0,0.4,0.000184,0.1079,1,0.7,0,0,1,0,0,0.129187,0.1,1,1,1,1,1,0.16,0.5,0.1,1
0,1,0.1,0.000184,0.1079,1,0.714286,0,0,1,0,0,0.129187,0.1,1,1,1,0,1,0.16,0.4,0.4,0
0,0,0.1,0.050767,0.0767333,0,1,0,0,0,0,0,0.0945671,0.1,0.8,0.2,1,0,0,0.04,0.2,1,1
0,1,0.15,0.000412,0.0778667,0,1,0,0,0,0,0,0.0165639,0.2,1,1,1,0,1,0.39,0.2,0.1,0
0,0,0.05,0.000412,0.0778667,0,1,0,0,0,0,0,0.0165639,0.2,1,1,1,0,0,0.39,0.1,1,1
1,0,0.05,0.000412,0.0778667,0,1,0,0,0,0,0,0.0165639,0.2,1,1,0,0,0,0.39,1,1,0
0,0,0.05,0.000412,0.0778667,0,1,0,0,0,0,0,0.0165639,0.2,1,1,0,0,1,0.39,1,0.4,0
0,0,0.05,0.000412,0.0778667,0,1,0,0,0,0,0,0.0165639,0.2,1,1,0,0,1,0.39,1,0.5,0
0,0,0.05,0.000412,0.0778667,0,1,0,0,0,0,0,0.0165639,0.2,1,1,0,0,1,0.39,1,0.6,0
0,0,0.2,0.000412,0.0778667,0,1,0,0,0,0,0,0.0165639,0.2,1,1,0,0,1,0.39,1,0.7,0
0,0,0.05,0.000412,0.0778667,0,1,0,0,0,0,0,0.0165639,0.2,1,1,0,0,1,0.39,1,0.9,0
0,1,0.15,0.014021,0.38595,1,0.636364,0,0,0,0,0,0.149282,0.1,1,1,1,0,0,0.39,0.9,1,0
0,0,0.05,0.014021,0.38595,1,0.6,0,0,0,0,0,0.149282,0.1,1,1,1,0,0,0.39,0.8,1,0
1,0,0.05,0.014021,0.38595,1,0.785714,0,0,0,0,0,0.149282,0.1,1,1,0,0,0,0.39,1,1,0
0,0,0.05,0.014021,0.38595,1,0.666667,0,0,0,0,0,0.149282,0.1,1,1,1,0,0,0.39,0.4,1,0
0,0,0.05,0.014021,0.38595,1,0.636364,0,0,0,0,0,0.149282,0.1,1,1,1,0,0,0.39,0.3,1,0
0,0,0.05,0.014021,0.38595,1,0.538462,0,0,0,0,0,0.149282,0.1,1,1,1,0,0,0.39,0.2,1,1
0,0,0.2,0.014021,0.38595,1,0.727273,0,0,0,0,1,0.149282,0.1,1,1,1,0,1,0.39,0.1,0.1,0
0,0,0.05,0.014021,0.38595,1,0.5,0,0,0,0,0,0.149282,0.1,1,1,0,0,1,0.39,1,0.2,0
0,1,0.15,0.003279,0.440983,1,0.727273,0,0,0,0,0,0.146917,0.3,1,1,1,0,0,0.39,1,1,0
0,0,0.05,0.003279,0.440983,1,0.8,0,0,0,0,0,0.146917,0.3,1,1,1,0,0,0.39,1,1,0
1,0,0.05,0.003279,0.440983,1,0.714286,0,0,0,0,0,0.146917,0.3,1,1,0,0,0,0.39,1,1,0
0,0,0.05,0.003279,0.440983,1,0.666667,0,0,0,0,0,0.146917,0.3,1,1,1,0,0,0.39,0.6,1,0
0,0,0.05,0.003279,0.440983,1,0.818182,0,0,0,0,0,0.146917,0.3,1,1,1,0,0,0.39,0.5,1,0
0,0,0.05,0.003279,0.440983,1,0.846154,0,0,0,0,0,0.146917,0.3,1,1,1,0,0,0.39,0.4,1,0
0,0,0.2,0.003279,0.440983,1,0.727273,0,0,0,0,0,0.146917,0.3,1,1,1,0,1,0.39,0.3,0.1,1
0,0,0.05,0.003279,0.440983,1,0.5,0,0,0,0,1,0.146917,0.3,1,1,1,0,0,0.39,0.1,1,0
0,1,0.15,0.023999,0.54555,0,1,0,0,0,0,0,0.149282,0.1,1,1,1,0,0,0.39,1,1,0
0,0,0.05,0.023999,0.54555,0,1,0,0,0,0,0,0.149282,0.1,1,1,1,0,0,0.39,1,1,0
1,0,0.05,0.023999,0.54555,0,1,0,0,0,0,0,0.149282,0.1,1,1,0,0,0,0.39,1,1,0
0,0,0.05,0.023999,0.54555,0,1,0,0,0,0,0,0.149282,0.1,1,1,1,0,0,0.39,0.7,1,0
0,0,0.05,0.023999,0.54555,0,1,0,0,0,0,0,0.149282,0.1,1,1,1,0,0,0.39,0.6,1,0
0,0,0.05,0.023999,0.54555,0,1,0,0,0,0,0,0.149282,0.1,1,1,1,0,0,0.39,0.5,1,1
0,0,0.2,0.023999,0.54555,0,1,0,0,0,0,1,0.149282,0.1,1,1,1,1,0,0.39,0.4,1,0
0,0,0.05,0.023999,0.54555,0,1,0,0,0,0,0,0.149282,0.1,1,1,1,0,0,0.39,0.2,1,0
0,1,0.15,0.003995,0.23245,1,1,0,0,0,0,0,0.146917,0.3,1,0.4,1,0,0,0.39,1,1,0
0,0,0.05,0.003995,0.23245,1,0.8,0,0,0,0,0,0.146917,0.3,1,0.4,1,0,0,0.39,1,1,0
1,0,0.05,0.003995,0.23245,1,1,0,0,0,0,0,0.146917,0.3,1,0.4,0,0,0,0.39,1,1,0
0,0,0.05,0.003995,0.23245,1,1,0,0,0,0,0,0.146917,0.3,1,0.4,1,0,0,0.39,0.8,1,0
0,0,0.05,0.003995,0.23245,1,1,0,0,0,0,0,0.146917,0.3,1,0.4,1,0,0,0.39,0.7,1,0
0,0,0.05,0.003995,0.23245,1,1,0,0,0,0,0,0.146917,0.3,1,0.4,1,0,0,0.39,0.6,1,0
0,0,0.2,0.003995,0.23245,1,1,0,0,0,0,0,0.146917,0.3,1,0.4,1,0,0,0.39,0.5,1,1
0,0,0.05,0.003995,0.23245,1,0.5,0,0,0,0,1,0.146917,0.3,1,0.4,1,0,0,0.39,0.3,1,0
0,1,0.1,0,0.0489333,0,1,0,0,1,0,0,0.0594336,0.3,1,1,1,0,1,0.19,0.2,0.4,0
0,0,0.1,0,0.0489333,0,1,0,0,1,0,0,0.0594336,0.3,1,1,1,0,1,0.19,0.1,0.3,1
0,0,0.1,0,0.0489333,0,1,0,0,1,0,0,0.0594336,0.3,1,1,0,0,1,0.19,1,0.1,0
0,0,0.05,0.232808,0.0845167,1,1,0,0,0,0,0,0.0904545,0.2,1,1,1,0,0,0.63,0.2,1,0
0,1,0.1,0.232808,0.0845167,1,1,0,0,0,0,0,0.0904545,0.2,1,1,1,0,1,0.63,0.1,0.1,0
0,1,0.05,0.232808,0.0845167,1,1,0,0,0,0,0,0.0904545,0.2,1,1,0,0,1,0.63,1,0.2,0
0,0,0.05,0.232808,0.0845167,1,1,0,0,0,0,0,0.0904545,0.2,1,1,0,0,1,0.63,1,0.3,0
0,0,0.05,0.232808,0.0845167,1,1,0,0,0,0,0,0.0904545,0.2,1,1,0,0,1,0.63,1,0.4,1
0,0,0.05,0.232808,0.0845167,1,1,0,0,0,0,0,0.0904545,0.2,1,1,0,0,1,0.63,1,0.5,0
0,0,0.05,0,0.174617,1,0.8,0,0,0,0,0,0.0268322,0.2,1,1,1,0,0,0.63,0.2,1,1
0,1,0.1,0,0.174617,1,0.666667,0,0,0,0,0,0.0268322,0.2,1,1,1,0,1,0.63,0.1,0.1,0
0,1,0.05,0,0.174617,1,0.8,0,0,0,0,0,0.0268322,0.2,1,1,0,0,1,0.63,1,0.2,0
0,0,0.05,0,0.174617,1,0.818182,0,0,0,0,0,0.0268322,0.2,1,1,0,0,1,0.63,1,0.3,0
0,0,0.05,0,0.174617,1,0.785714,0,0,0,0,0,0.0268322,0.2,1,1,0,0,1,0.63,1,0.4,0
0,0,0.05,0,0.174617,1,0.5,0,0,0,0,0,0.0268322,0.2,1,1,0,0,1,0.63,1,0.5,0
0,0,0.05,0.001291,0.112333,1,0.6,0,0,1,0,0,0.0261305,0.1,1,1,1,0,0,0.63,0.5,1,0
0,1,0.1,0.001291,0.112333,1,0.75,0,0,1,0,0,0.0261305,0.1,1,1,1,0,0,0.63,0.4,1,0
0,1,0.05,0.001291,0.112333,1,0.6,0,0,1,0,0,0.0261305,0.1,1,1,1,0,0,0.63,0.2,1,0
0,0,0.05,0.001291,0.112333,1,0.545455,0,0,1,0,0,0.0261305,0.1,1,1,1,0,0,0.63,0.1,1,1
0,0,0.05,0.001291,0.112333,1,0.714286,0,0,1,0,0,0.0261305,0.1,1,1,0,0,1,0.63,1,0.1,0
0,0,0.05,0.001291,0.112333,1,0.25,0,0,1,0,0,0.0261305,0.1,1,1,0,0,1,0.63,1,0.2,0
0,0,0.05,0.269905,0.0795167,0,1,0,0,1,0,0,0.0261305,0.1,1,1,1,0,0,0.63,0.5,1,0
0,1,0.1,0.269905,0.0795167,0,1,0,0,1,0,0,0.0261305,0.1,1,1,1,0,0,0.63,0.4,1,0
0,1,0.05,0.269905,0.0795167,0,1,0,0,1,0,0,0.0261305,0.1,1,1,1,0,0,0.63,0.2,1,0
0,0,0.05,0.269905,0.0795167,0,1,0,0,1,0,0,0.0261305,0.1,1,1,1,0,0,0.63,0.1,1,1
0,0,0.05,0.269905,0.0795167,0,1,0,0,1,0,0,0.0261305,0.1,1,1,0,0,1,0.63,1,0.1,0
0,0,0.05,0.269905,0.0795167,0,1,0,0,1,0,0,0.0261305,0.1,1,1,0,0,1,0.63,1,0.2,0
0,0,0.05,0.389625,0.102317,0,1,0,0,0,0,0,0.0904545,0.2,1,1,1,0,0,0.63,0.6,1,0
0,1,0.1,0.389625,0.102317,0,1,0,0,0,0,0,0.0904545,0.2,1,1,1,0,0,0.63,0.5,1,0
0,1,0.05,0.389625,0.102317,0,1,0,0,0,0,0,0.0904545,0.2,1,1,1,0,0,0.63,0.3,1,0
0,0,0.05,0.389625,0.102317,0,1,0,0,0,0,0,0.0904545,0.2,1,1,1,0,0,0.63,0.2,1,0
0,0,0.05,0.389625,0.102317,0,1,0,0,0,0,0,0.0904545,0.2,1,1,1,0,0,0.63,0.1,1,1
0,0,0.05,0.389625,0.102317,0,1,0,0,0,0,0,0.0904545,0.2,1,1,0,0,1,0.63,1,0.1,0
0,0,0.05,0.007828,0.129033,0,1,0,0,0,0,0,0.0904545,0.2,1,0.8,1,0,0,0.63,0.6,1,0
0,1,0.1,0.007828,0.129033,0,1,0,0,0,0,0,0.0904545,0.2,1,0.8,1,0,0,0.63,0.5,1,0
0,1,0.05,0.007828,0.129033,0,1,0,0,0,0,0,0.0904545,0.2,1,0.8,1,0,0,0.63,0.3,1,0
0,0,0.05,0.007828,0.129033,0,1,0,0,0,0,0,0.0904545,0.2,1,0.8,1,0,0,0.63,0.2,1,0
0,0,0.05,0.007828,0.129033,0,1,0,0,0,0,0,0.0904545,0.2,1,0.8,1,0,0,0.63,0.1,1,1
0,0,0.05,0.007828,0.129033,0,1,0,0,0,0,0,0.0904545,0.2,1,0.8,0,0,1,0.63,1,0.1,0
0,0,0.05,0.355834,0.1318,0,1,0,0,0,0,0,0.0904545,0.2,1,0.4,1,0,0,0.63,0.6,1,0
0,1,0.1,0.355834,0.1318,0,1,0,0,0,0,0,0.0904545,0.2,1,0.4,1,0,0,0.63,0.5,1,0
0,1,0.05,0.355834,0.1318,0,1,0,0,0,0,0,0.0904545,0.2,1,0.4,1,0,0,0.63,0.3,1,0
0,0,0.05,0.355834,0.1318,0,1,0,0,0,0,0,0.0904545,0.2,1,0.4,1,0,0,0.63,0.2,1,0
0,0,0.05,0.355834,0.1318,0,1,0,0,0,0,0,0.0904545,0.2,1,0.4,1,0,0,0.63,0.1,1,1
0,0,0.05,0.355834,0.1318,0,1,0,0,0,0,0,0.0904545,0.2,1,0.4,0,1,0,0.63,1,1,0
0,0,0.05,0.010478,0.280283,0,1,0,0,0,0,0,0.0904545,0.2,1,0.2,1,0,0,0.63,0.7,1,0
0,1,0.1,0.010478,0.280283,0,1,0,0,0,0,0,0.0904545,0.2,1,0.2,1,0,0,0.63,0.6,1,0
0,1,0.05,0.010478,0.280283,0,1,0,0,0,0,0,0.0904545,0.2,1,0.2,1,0,0,0.63,0.4,1,0
0,0,0.05,0.010478,0.280283,0,1,0,0,0,0,0,0.0904545,0.2,1,0.2,1,0,0,0.63,0.3,1,0
0,0,0.05,0.010478,0.280283,0,1,0,0,0,0,0,0.0904545,0.2,1,0.2,1,0,0,0.63,0.2,1,1
0,0,0.05,0.010478,0.280283,0,1,0,0,0,0,0,0.0904545,0.2,1,0.2,1,0,0,0.63,0.1,1,0
0,0,0.4,3e-006,0.2191,0,1,0,0,0,0,0,0.146695,0.1,0.4,1,1,1,1,0.18,0.2,0.1,1
0,0,0.05,3e-006,0.2191,0,1,0,0,0,0,0,0.146695,0.1,0.4,1,0,0,1,0.18,1,0.4,0
0,0,0.05,3e-006,0.2191,0,1,0,0,0,0,0,0.146695,0.1,0.4,1,0,0,1,0.18,1,0.5,0
0,0,0.4,5.5e-005,0.1774,0,1,0,0,0,1,1,0.643796,0.9,1,1,1,1,1,0.18,0.4,0.2,1
0,0,0.05,5.5e-005,0.1774,0,1,0,0,0,1,1,0.643796,0.9,1,1,0,1,0,0.18,1,1,0
0,0,0.05,5.5e-005,0.1774,0,1,0,0,0,1,1,0.643796,0.9,1,1,0,0,1,0.18,1,0.1,0
0,0,0.4,0,0.12345,0,1,0,0,0,0,0,0.146695,0.2,1,0.2,1,0,0,0.18,1,1,1
0,0,0.05,0,0.12345,0,1,0,0,0,0,0,0.146695,0.2,1,0.2,1,0,0,0.18,0.4,1,0
0,0,0.05,0,0.12345,0,1,0,0,0,0,0,0.146695,0.2,1,0.2,1,0,0,0.18,0.3,1,0
0,0,0.15,0.097594,0.0584,0,1,0,0,0,0,0,0.043982,0.1,1,1,1,0,1,0.16,0.2,0.1,1
0,1,0.1,0.097594,0.0584,0,1,0,0,0,0,0,0.043982,0.1,1,1,1,0,1,0.16,0.1,0.3,0
0,1,0.1,0.002618,0.11455,1,1,0,0,0,1,0,0.528057,0.7,1,1,1,0,1,0.13,0.5,0.4,0
0,0,0.2,0.002618,0.11455,1,1,0,0,0,1,1,0.528057,0.7,1,1,1,0,1,0.13,0.4,0.2,0
0,0,0.1,0.002618,0.11455,1,1,0,0,0,1,1,0.528057,0.7,1,1,1,0,1,0.13,0.2,0.1,0
0,0,0.05,0.002618,0.11455,1,1,0,0,0,1,1,0.528057,0.7,1,1,1,0,0,0.13,0.1,1,1
0,1,0.05,0.001995,0.2002,0,1,0,0,0,1,0,0.683765,0.1,0.4,1,1,0,0,0.12,0.1,1,0
0,0,0.05,0.001995,0.2002,0,1,0,0,0,1,1,0.683765,0.1,0.4,1,0,1,0,0.12,1,1,0
0,0,0.3,0.001995,0.2002,0,1,0,0,0,1,1,0.683765,0.1,0.4,1,0,1,1,0.12,1,0.1,1
0,0,0.2,0.001995,0.2002,0,1,0,0,0,1,1,0.683765,0.1,0.4,1,0,0,1,0.12,1,0.2,0
0,0,0.05,0.001995,0.2002,0,1,0,0,0,1,1,0.683765,0.1,0.4,1,0,0,1,0.12,1,0.9,0
1,0,0.05,0.001995,0.2002,0,1,0,0,0,1,0,0.683765,0.1,0.4,1,0,0,0,0.12,1,1,0
0,0,0.05,0.001995,0.2002,0,1,0,0,0,1,0,0.683765,0.1,0.4,1,0,0,1,0.12,1,1,0
0,1,0.05,0.119719,0.285283,1,1,0,0,0,1,0,0.683765,0.8,0.8,1,1,0,0,0.12,0.4,1,0
0,0,0.05,0.119719,0.285283,1,1,0,0,0,1,1,0.683765,0.8,0.8,1,1,0,0,0.12,0.3,1,0
0,0,0.3,0.119719,0.285283,1,0.875,0,0,0,1,1,0.683765,0.8,0.8,1,1,1,1,0.12,0.2,0.1,1
0,0,0.2,0.119719,0.285283,1,0.75,0,0,0,1,1,0.683765,0.8,0.8,1,0,1,1,0.12,1,0.3,0
0,0,0.05,0.119719,0.285283,1,0.857143,0,0,0,1,1,0.683765,0.8,0.8,1,0,0,1,0.12,1,0.6,0
1,0,0.05,0.119719,0.285283,1,1,0,0,0,1,0,0.683765,0.8,0.8,1,0,0,0,0.12,1,1,0
0,0,0.05,0.119719,0.285283,1,0.666667,0,0,0,1,0,0.683765,0.8,0.8,1,0,0,1,0.12,1,0.9,0
0,1,0.1,0.280016,0.0595,0,1,0,0,0,0,0,0.235451,0.2,1,1,1,0,0,0.36,0.5,1,0
0,0,0.05,0.280016,0.0595,0,1,0,0,0,0,0,0.235451,0.2,1,1,1,0,0,0.36,0.4,1,0
0,0,0.05,0.280016,0.0595,0,1,0,0,0,0,0,0.235451,0.2,1,1,1,0,0,0.36,0.3,1,0
0,0,0.05,0.280016,0.0595,0,1,0,0,0,0,0,0.235451,0.2,1,1,1,0,0,0.36,0.1,1,1
0,1,0.1,0.136817,0.333667,0,1,0,0,0,0,0,0.235451,0.2,1,1,1,0,0,0.36,0.5,1,0
0,0,0.05,0.136817,0.333667,0,1,0,0,0,0,0,0.235451,0.2,1,1,1,0,0,0.36,0.4,1,0
0,0,0.05,0.136817,0.333667,0,1,0,0,0,0,0,0.235451,0.2,1,1,1,0,0,0.36,0.3,1,0
0,0,0.05,0.136817,0.333667,0,1,0,0,0,0,0,0.235451,0.2,1,1,1,0,0,0.36,0.1,1,1
0,1,0.1,0.017334,0.243567,1,0.692308,0,0,0,0,0,0.235451,0.2,1,0.8,1,0,0,0.36,0.5,1,0
0,0,0.05,0.017334,0.243567,1,0.733333,0,0,0,0,0,0.235451,0.2,1,0.8,1,0,0,0.36,0.4,1,0
0,0,0.05,0.017334,0.243567,1,0.5,0,0,0,0,0,0.235451,0.2,1,0.8,1,0,0,0.36,0.3,1,0
0,0,0.05,0.017334,0.243567,1,0.333333,0,0,0,0,0,0.235451,0.2,1,0.8,1,0,0,0.36,0.1,1,1
0,1,0.1,0.728675,0.103983,0,1,0,0,0,0,0,0.235451,0.2,1,0.4,1,0,0,0.36,0.5,1,0
0,0,0.05,0.728675,0.103983,0,1,0,0,0,0,0,0.235451,0.2,1,0.4,1,0,0,0.36,0.4,1,0
0,0,0.05,0.728675,0.103983,0,1,0,0,0,0,0,0.235451,0.2,1,0.4,1,0,0,0.36,0.3,1,0
0,0,0.05,0.728675,0.103983,0,1,0,0,0,0,0,0.235451,0.2,1,0.4,1,0,0,0.36,0.1,1,1
0,1,0.1,0.149946,0.278617,0,1,0,0,0,0,0,0.235451,0.2,1,0.2,1,0,0,0.36,0.5,1,0
0,0,0.05,0.149946,0.278617,0,1,0,0,0,0,0,0.235451,0.2,1,0.2,1,0,0,0.36,0.4,1,0
0,0,0.05,0.149946,0.278617,0,1,0,0,0,0,0,0.235451,0.2,1,0.2,1,0,0,0.36,0.3,1,0
0,0,0.05,0.149946,0.278617,0,1,0,0,0,0,0,0.235451,0.2,1,0.2,1,0,0,0.36,0.1,1,1
0,0,0.35,0.00168,0.0928667,0,1,0,0,0,0,0,0.0565241,0.3,1,1,1,0,1,0.34,0.5,0.2,0
0,0,0.2,0.00168,0.0928667,0,1,0,0,0,0,0,0.0565241,0.3,1,1,1,0,1,0.34,0.4,0.1,0
0,0,0.05,0.00168,0.0928667,0,1,0,0,0,0,0,0.0565241,0.3,1,1,1,0,0,0.34,0.1,1,1
0,0,0.05,0.00168,0.0928667,0,1,0,0,0,0,0,0.0565241,0.3,1,1,0,0,1,0.34,1,0.4,0
0,0,0.05,0.00168,0.0928667,0,1,0,0,0,0,0,0.0565241,0.3,1,1,0,0,1,0.34,1,0.5,0
0,0,0.05,0.00168,0.0928667,0,1,0,0,0,0,0,0.0565241,0.3,1,1,0,0,1,0.34,1,0.8,0
0,0,0.35,0,0.138467,0,1,0,0,1,0,0,0.0345779,0.1,1,1,1,0,1,0.34,1,0.1,0
0,0,0.2,0,0.138467,0,1,0,0,1,0,0,0.0345779,0.1,1,1,1,0,0,0.34,0.9,1,0
0,0,0.05,0,0.138467,0,1,0,0,1,0,0,0.0345779,0.1,1,1,1,0,0,0.34,0.6,1,0
0,0,0.05,0,0.138467,0,1,0,0,1,0,0,0.0345779,0.1,1,1,1,0,0,0.34,0.2,1,1
0,0,0.05,0,0.138467,0,1,0,0,1,0,0,0.0345779,0.1,1,1,1,0,0,0.34,0.1,1,0
0,0,0.05,0,0.138467,0,1,0,0,1,0,0,0.0345779,0.1,1,1,0,0,1,0.34,1,0.3,0
0,1,0.05,0.000383,0.0495,0,1,0,0,1,0,0,0.10337,0.1,1,1,1,0,0,0.21,0.2,1,0
0,0,0.05,0.000383,0.0495,0,1,0,0,1,0,0,0.10337,0.1,1,1,1,0,0,0.21,0.1,1,1
0,0,0.05,6.7e-005,0.0739667,0,1,0,0,0,0,0,0.049803,0.2,1,1,1,0,0,0.5,0.2,1,0
0,1,0.1,6.7e-005,0.0739667,0,1,0,0,0,0,0,0.049803,0.2,1,1,1,0,1,0.5,0.1,0.9,0
0,0,0.1,6.7e-005,0.0739667,0,1,0,0,0,0,0,0.049803,0.2,1,1,0,1,1,0.5,1,0.4,1
0,0,0.05,6.7e-005,0.0739667,0,1,0,0,0,0,0,0.049803,0.2,1,1,0,0,1,0.5,1,0.1,0
0,0,0.1,6.7e-005,0.0739667,0,1,0,0,0,0,0,0.049803,0.2,1,1,0,0,1,0.5,1,0.2,0
0,0,0.05,6.7e-005,0.0739667,0,1,0,0,0,0,0,0.049803,0.2,1,1,0,0,1,0.5,1,0.5,0
0,0,0.1,6.7e-005,0.0739667,0,1,0,0,0,0,0,0.049803,0.2,1,1,0,0,1,0.5,1,0.6,0
0,0,0.05,6.7e-005,0.0739667,0,1,0,0,0,0,0,0.049803,0.2,1,1,0,0,1,0.5,1,0.8,0
0,0,0.05,0.031478,0.0845333,0,1,0,0,0,0,0,0.0963438,0.2,1,1,1,0,0,0.5,0.4,1,0
0,1,0.1,0.031478,0.0845333,0,1,0,0,0,0,0,0.0963438,0.2,1,1,1,0,1,0.5,0.3,0.8,0
0,0,0.1,0.031478,0.0845333,0,1,0,0,0,0,0,0.0963438,0.2,1,1,1,0,1,0.5,0.2,0.3,1
0,0,0.05,0.031478,0.0845333,0,1,0,0,0,0,1,0.0963438,0.2,1,1,1,0,0,0.5,0.1,1,0
0,0,0.1,0.031478,0.0845333,0,1,0,0,0,0,0,0.0963438,0.2,1,1,0,0,1,0.5,1,0.1,0
0,0,0.05,0.031478,0.0845333,0,1,0,0,0,0,0,0.0963438,0.2,1,1,0,0,1,0.5,1,0.4,0
0,0,0.1,0.031478,0.0845333,0,1,0,0,0,0,0,0.0963438,0.2,1,1,0,0,1,0.5,1,0.5,0
0,0,0.05,0.031478,0.0845333,0,1,0,0,0,0,0,0.0963438,0.2,1,1,0,0,1,0.5,1,0.7,0
0,0,0.05,0,0.0661833,0,1,0,0,0,0,0,0.00989738,0.1,1,1,1,0,0,0.5,0.4,1,0
0,1,0.1,0,0.0661833,0,1,0,0,0,0,0,0.00989738,0.1,1,1,1,0,1,0.5,0.3,0.7,0
0,0,0.1,0,0.0661833,0,1,0,0,0,0,0,0.00989738,0.1,1,1,1,0,1,0.5,0.2,0.2,0
0,0,0.05,0,0.0661833,0,1,0,0,0,0,0,0.00989738,0.1,1,1,1,0,0,0.5,0.1,1,0
0,0,0.1,0,0.0661833,0,1,0,0,0,0,0,0.00989738,0.1,1,1,0,1,1,0.5,1,0.1,1
0,0,0.05,0,0.0661833,0,1,0,0,0,0,0,0.00989738,0.1,1,1,0,0,1,0.5,1,0.3,0
0,0,0.1,0,0.0661833,0,1,0,0,0,0,0,0.00989738,0.1,1,1,0,0,1,0.5,1,0.4,0
0,0,0.05,0,0.0661833,0,1,0,0,0,0,0,0.00989738,0.1,1,1,0,0,1,0.5,1,0.6,0
0,0,0.05,0,0.0811833,0,1,0,0,0,0,0,0.0851429,0.2,1,1,1,0,0,0.5,0.8,1,0
0,1,0.1,0,0.0811833,0,1,0,0,0,0,0,0.0851429,0.2,1,1,1,0,1,0.5,0.7,0.4,0
0,0,0.1,0,0.0811833,0,1,0,0,0,0,0,0.0851429,0.2,1,1,1,0,0,0.5,0.6,1,0
0,0,0.05,0,0.0811833,0,1,0,0,0,0,0,0.0851429,0.2,1,1,1,0,0,0.5,0.5,1,0
0,0,0.1,0,0.0811833,0,1,0,0,0,0,0,0.0851429,0.2,1,1,1,0,0,0.5,0.4,1,0
0,0,0.05,0,0.0811833,0,1,0,0,0,0,0,0.0851429,0.2,1,1,1,0,0,0.5,0.1,1,1
0,0,0.1,0,0.0811833,0,1,0,0,0,0,0,0.0851429,0.2,1,1,0,0,1,0.5,1,0.1,0
0,0,0.05,0,0.0811833,0,1,0,0,0,0,0,0.0851429,0.2,1,1,0,0,1,0.5,1,0.3,0
0,0,0.05,0,0.0700667,0,1,0,0,0,0,0,0.0750304,0.2,1,1,1,0,0,0.5,0.8,1,0
0,1,0.1,0,0.0700667,0,1,0,0,0,0,0,0.0750304,0.2,1,1,1,0,1,0.5,0.7,0.4,0
0,0,0.1,0,0.0700667,0,1,0,0,0,0,0,0.0750304,0.2,1,1,1,0,0,0.5,0.6,1,0
0,0,0.05,0,0.0700667,0,1,0,0,0,0,0,0.0750304,0.2,1,1,1,0,0,0.5,0.5,1,0
0,0,0.1,0,0.0700667,0,1,0,0,0,0,0,0.0750304,0.2,1,1,1,0,0,0.5,0.4,1,0
0,0,0.05,0,0.0700667,0,1,0,0,0,0,0,0.0750304,0.2,1,1,1,0,0,0.5,0.1,1,0
0,0,0.1,0,0.0700667,0,1,0,0,0,0,0,0.0750304,0.2,1,1,0,0,1,0.5,1,0.1,1
0,0,0.05,0,0.0700667,0,1,0,0,0,0,0,0.0750304,0.2,1,1,0,0,1,0.5,1,0.3,0
0,0,0.05,0,0.163483,0,1,0,0,0,0,0,0.0963438,0.2,1,1,1,0,0,0.5,1,1,0
0,1,0.1,0,0.163483,0,1,0,0,0,0,0,0.0963438,0.2,1,1,1,0,1,0.5,0.9,0.2,0
0,0,0.1,0,0.163483,0,1,0,0,0,0,0,0.0963438,0.2,1,1,1,0,0,0.5,0.8,1,0
0,0,0.05,0,0.163483,0,1,0,0,0,0,1,0.0963438,0.2,1,1,1,0,0,0.5,0.7,1,0
0,0,0.1,0,0.163483,0,1,0,0,0,0,0,0.0963438,0.2,1,1,1,0,0,0.5,0.6,1,0
0,0,0.05,0,0.163483,0,1,0,0,0,0,0,0.0963438,0.2,1,1,1,0,0,0.5,0.3,1,0
0,0,0.1,0,0.163483,0,1,0,0,0,0,0,0.0963438,0.2,1,1,1,0,0,0.5,0.2,1,1
0,0,0.05,0,0.163483,0,1,0,0,0,0,0,0.0963438,0.2,1,1,0,0,1,0.5,1,0.1,0
0,0,0.05,0.050413,0.125683,0,1,0,0,0,0,0,0.0291446,0.2,1,1,1,0,0,0.5,1,1,0
0,1,0.1,0.050413,0.125683,0,1,0,0,0,0,0,0.0291446,0.2,1,1,1,0,1,0.5,1,0.1,0
0,0,0.1,0.050413,0.125683,0,1,0,0,0,0,0,0.0291446,0.2,1,1,1,0,0,0.5,0.9,1,0
0,0,0.05,0.050413,0.125683,0,1,0,0,0,0,0,0.0291446,0.2,1,1,1,0,0,0.5,0.8,1,0
0,0,0.1,0.050413,0.125683,0,1,0,0,0,0,0,0.0291446,0.2,1,1,1,0,0,0.5,0.7,1,0
0,0,0.05,0.050413,0.125683,0,1,0,0,0,0,0,0.0291446,0.2,1,1,1,0,0,0.5,0.4,1,0
0,0,0.1,0.050413,0.125683,0,1,0,0,0,0,0,0.0291446,0.2,1,1,1,0,0,0.5,0.3,1,0
0,0,0.05,0.050413,0.125683,0,1,0,0,0,0,0,0.0291446,0.2,1,1,1,0,0,0.5,0.1,1,1
0,1,0.1,0.001944,0.18185,1,0.75,0,0,0,0,0,0.092015,0.2,1,1,1,0,1,0.15,0.3,0.2,0
0,0,0.1,0.001944,0.18185,1,1,0,0,0,0,0,0.092015,0.2,1,1,1,0,1,0.15,0.2,0.4,0
0,0,0.1,0.001944,0.18185,1,1,0,0,0,0,0,0.092015,0.2,1,1,1,0,1,0.15,0.1,0.1,1
0,0,0.05,0.001944,0.18185,1,0.5,0,0,0,0,0,0.092015,0.2,1,1,0,0,1,0.15,1,0.3,0
0,0,0.05,0.001944,0.18185,1,1,0,0,0,0,0,0.092015,0.2,1,1,0,0,1,0.15,1,0.5,0
0,1,0.05,0.334533,0.22635,0,1,0,1,1,0,0,0.187796,0.1,1,0.4,1,0,0,0.19,0.5,1,0
0,1,0.1,0.334533,0.22635,0,1,0,1,1,0,1,0.187796,0.1,1,0.4,1,1,0,0.19,0.4,1,1
0,0,0.15,0.334533,0.22635,0,1,0,1,1,0,0,0.187796,0.1,1,0.4,1,0,0,0.19,0.3,1,0
0,1,0.1,0.010965,0.0962,0,1,0,0,1,0,0,0.255721,0.2,1,1,1,0,1,0.15,0.1,0.3,0
0,0,0.05,0.010965,0.0962,0,1,0,0,1,0,0,0.255721,0.2,1,1,0,0,1,0.15,1,0.1,1
0,0,0.05,0.010965,0.0962,0,1,0,0,1,0,0,0.255721,0.2,1,1,0,0,1,0.15,1,0.2,0
0,1,0.1,0.005609,0.19465,0,1,0,0,1,0,0,0.255721,0.2,1,0.6,1,0,1,0.15,0.3,0.1,0
0,0,0.05,0.005609,0.19465,0,1,0,0,1,0,0,0.255721,0.2,1,0.6,1,0,0,0.15,0.2,1,1
0,0,0.05,0.005609,0.19465,0,1,0,0,1,0,0,0.255721,0.2,1,0.6,1,0,0,0.15,0.1,1,0
0,1,0.1,0.102025,0.129583,1,1,0,0,1,0,0,0.0738449,0.1,1,1,1,0,1,0.18,0.6,0.2,0
0,0,0.15,0.102025,0.129583,1,1,0,0,1,0,0,0.0738449,0.1,1,1,1,0,1,0.18,0.5,0.1,1
0,0,0.15,0.102025,0.129583,1,0.833333,0,0,1,0,0,0.0738449,0.1,1,1,1,0,0,0.18,0.4,1,0
0,0,0.05,2e-006,0.129567,0,1,0,0,0,1,0,0.586007,0.6,1,1,1,0,0,0.22,0.5,1,0
0,1,0.1,2e-006,0.129567,0,1,0,0,0,1,1,0.586007,0.6,1,1,1,0,1,0.22,0.4,0.3,0
0,0,0.15,2e-006,0.129567,0,1,0,0,0,1,1,0.586007,0.6,1,1,1,0,0,0.22,0.3,1,1
0,0,0.1,2e-006,0.129567,0,1,0,0,0,1,1,0.586007,0.6,1,1,0,0,1,0.22,1,0.1,0
0,0,0.05,0.000153,0.0756167,0,1,0,0,0,0,0,0.143469,0.1,1,1,1,0,0,0.22,0.6,1,0
0,1,0.1,0.000153,0.0756167,0,1,0,0,0,0,0,0.143469,0.1,1,1,1,0,1,0.22,0.5,0.2,0
0,0,0.15,0.000153,0.0756167,0,1,0,0,0,0,0,0.143469,0.1,1,1,1,0,0,0.22,0.4,1,0
0,0,0.1,0.000153,0.0756167,0,1,0,0,0,0,0,0.143469,0.1,1,1,1,0,1,0.22,0.1,0.1,1
0,0,0.05,0.002839,0.166283,0,1,0,0,0,0,0,0.143469,0.1,1,1,1,0,0,0.22,0.6,1,0
0,1,0.1,0.002839,0.166283,0,1,0,0,0,0,0,0.143469,0.1,1,1,1,0,1,0.22,0.5,0.2,0
0,0,0.15,0.002839,0.166283,0,1,0,0,0,0,0,0.143469,0.1,1,1,1,0,0,0.22,0.4,1,0
0,0,0.1,0.002839,0.166283,0,1,0,0,0,0,0,0.143469,0.1,1,1,1,0,1,0.22,0.1,0.1,1
0,0,0.15,0.884301,0.275833,1,0.625,0,0,0,0,0,0.202313,0.2,1,1,1,0,0,0.45,0.7,1,0
0,0,0.05,0.884301,0.275833,1,0.555556,0,0,0,0,0,0.202313,0.2,1,1,1,0,0,0.45,0.6,1,0
0,1,0.1,0.884301,0.275833,1,0.6,0,0,0,0,0,0.202313,0.2,1,1,1,0,0,0.45,0.4,1,0
0,0,0.05,0.884301,0.275833,1,0.6,0,0,0,0,0,0.202313,0.2,1,1,1,0,0,0.45,0.1,1,1
0,0,0.15,0.229047,0.275283,0,1,0,0,0,0,0,0.202313,0.3,1,1,1,0,0,0.45,0.7,1,0
0,0,0.05,0.229047,0.275283,0,1,0,0,0,0,0,0.202313,0.3,1,1,1,0,0,0.45,0.6,1,0
0,1,0.1,0.229047,0.275283,0,1,0,0,0,0,0,0.202313,0.3,1,1,1,0,0,0.45,0.4,1,0
0,0,0.05,0.229047,0.275283,0,1,0,0,0,0,0,0.202313,0.3,1,1,1,0,0,0.45,0.1,1,1
0,0,0.15,0.227436,0.2458,0,1,0,0,0,0,0,0.202313,0.2,1,1,1,0,0,0.45,0.7,1,0
0,0,0.05,0.227436,0.2458,0,1,0,0,0,0,0,0.202313,0.2,1,1,1,0,0,0.45,0.6,1,0
0,1,0.1,0.227436,0.2458,0,1,0,0,0,0,0,0.202313,0.2,1,1,1,0,0,0.45,0.4,1,0
0,0,0.05,0.227436,0.2458,0,1,0,0,0,0,0,0.202313,0.2,1,1,1,0,0,0.45,0.1,1,1
0,0,0.15,0.265874,0.110667,1,1,0,0,0,0,0,0.202313,0.2,1,0.4,1,0,0,0.45,0.7,1,0
0,0,0.05,0.265874,0.110667,1,1,0,0,0,0,0,0.202313,0.2,1,0.4,1,0,0,0.45,0.6,1,0
0,1,0.1,0.265874,0.110667,1,1,0,0,0,0,0,0.202313,0.2,1,0.4,1,0,0,0.45,0.4,1,0
0,0,0.05,0.265874,0.110667,1,1,0,0,0,0,0,0.202313,0.2,1,0.4,1,0,0,0.45,0.1,1,1
