0 3 0.7777777777777777 2 
1 1 0.5555555555555555 3 
2 3 0.7777777777777777 3 
3 2 0.47222222222222215 2 
4 2 0.8601532567049808 2 
5 1 0.8680555555555555 1 
6 1 0.8888888888888888 1 
7 2 0.8888888888888888 3 
8 2 0.6444444444444445 2 
9 1 0.5555555555555555 3 
10 3 0.4444444444444444 1 
11 1 0.611111111111111 2 
12 3 0.7777777777777777 2 
13 3 0.5555555555555555 1 
14 1 0.4444444444444444 3 
15 2 0.8680555555555555 1 
16 1 0.6666666666666666 3 
17 1 0.5555555555555555 3 
18 3 0.4444444444444444 1 
19 2 0.7777777777777777 2 
20 3 0.6944444444444443 3 
21 1 0.4444444444444444 3 
22 1 0.8496732026143791 1 
23 3 0.5555555555555555 1 
24 3 0.7777777777777777 1 
25 3 0.5555555555555555 3 
26 1 0.5555555555555555 2 
27 3 0.4074074074074074 1 
28 3 0.48148148148148145 3 
29 1 0.5555555555555555 1 
30 3 0.7777777777777777 3 
31 1 0.5111111111111111 1 
32 3 0.6666666666666666 3 
33 1 0.4444444444444444 3 
34 2 0.8888888888888888 2 
35 3 0.4444444444444444 3 
36 3 0.6666666666666666 2 
37 1 0.8273504273504274 2 
38 3 0.7777777777777777 3 
39 2 0.5555555555555555 1 
40 1 0.8472222222222222 3 
41 1 0.5555555555555555 1 
42 2 0.8601532567049808 3 
43 1 0.8888888888888888 2 
44 2 0.5555555555555555 2 
45 3 0.8518518518518517 3 
46 3 0.7777777777777777 1 
47 3 0.5555555555555555 1 
48 2 0.5268199233716475 2 
49 1 0.7777777777777777 1 
50 2 0.5185185185185185 2 
51 1 0.4444444444444444 2 
52 3 0.8888888888888888 2 
53 1 0.4444444444444444 3 
54 2 0.5555555555555555 2 
55 3 0.4640522875816993 2 
56 2 0.8601532567049808 1 
57 3 0.4444444444444444 2 
58 2 0.3611111111111111 1 
59 1 0.6666666666666666 1 
60 2 0.4074074074074074 2 
61 1 0.5555555555555555 3 
62 3 0.7777777777777777 2 
63 1 0.8273504273504274 1 
64 1 0.5138888888888888 3 
65 3 0.5555555555555555 3 
66 2 0.6666666666666666 3 
67 3 0.7777777777777777 3 
68 3 0.5277777777777778 1 
69 2 0.8601532567049808 3 
70 1 0.8888888888888888 3 
71 2 0.7777777777777777 2 
72 2 0.5268199233716475 2 
73 1 0.7777777777777777 3 
74 2 0.5555555555555555 2 
75 2 0.8601532567049808 1 
76 2 0.4444444444444444 2 
77 1 0.611111111111111 1 
78 1 0.5555555555555555 1 
79 1 0.6031746031746031 1 
80 1 0.5138888888888888 2 
81 1 0.8888888888888888 1 
82 2 0.5972222222222222 2 
83 1 0.8888888888888888 3 
84 1 0.5555555555555555 1 
85 2 0.5555555555555555 3 
86 1 0.5138888888888888 3 
87 1 0.8472222222222222 1 
88 2 0.5 2 
89 2 0.6666666666666666 1 
90 1 0.5555555555555555 1 
91 1 0.5555555555555555 1 
92 1 0.5555555555555555 1 
93 3 0.47222222222222215 1 
94 1 0.8888888888888888 1 
95 2 0.5555555555555555 1 
96 1 0.611111111111111 1 
97 2 0.5555555555555555 2 
98 3 0.5555555555555555 3 
99 2 0.6666666666666666 3 
100 2 0.5555555555555555 2 
101 3 0.5555555555555555 2 
102 3 0.4444444444444444 2 
103 3 0.4444444444444444 3 
104 2 0.5555555555555555 1 
105 3 0.4444444444444444 3 
106 3 0.5555555555555555 2 
107 1 0.5555555555555555 1 
108 2 0.8888888888888888 2 
109 3 0.5763888888888888 1 
110 2 0.4444444444444444 3 
111 3 0.5555555555555555 1 
112 1 0.8888888888888888 2 
113 1 0.8888888888888888 1 
114 3 0.5555555555555555 2 
115 3 0.5555555555555555 3 
116 3 0.7777777777777777 3 
117 3 0.49572649572649574 1 
118 3 0.5555555555555555 2 
119 3 0.8888888888888888 3 
120 3 0.6190476190476191 3 
121 1 0.8888888888888888 3 
122 1 0.6666666666666666 1 
123 1 0.5555555555555555 3 
124 3 0.7777777777777777 2 
125 3 0.5277777777777778 1 
126 3 0.5555555555555555 1 
127 1 0.5555555555555555 1 
128 1 0.5555555555555555 3 
129 1 0.5555555555555555 1 
130 2 0.5555555555555555 1 
131 2 0.6190476190476191 2 
132 1 0.4444444444444444 2 
133 1 0.6666666666666666 3 
134 3 0.6190476190476191 3 
135 1 0.5555555555555555 2 
136 3 0.7301587301587301 2 
137 2 0.8888888888888888 1 
138 1 0.8680555555555555 1 
139 3 0.6388888888888888 1 
140 2 0.8601532567049808 2 
141 3 0.5555555555555555 1 
142 2 0.5555555555555555 2 
143 2 0.8888888888888888 2 
144 3 0.6068376068376068 1 
145 2 0.8601532567049808 2 
146 3 0.4444444444444444 2 
147 1 0.38888888888888884 3 
148 1 0.7222222222222222 1 
149 2 0.4444444444444444 3 
150 3 0.8888888888888888 2 
151 1 0.7777777777777777 1 
152 1 0.8888888888888888 1 
153 3 0.7777777777777777 2 
154 1 0.6666666666666666 1 
155 3 0.7777777777777777 3 
156 3 0.4747474747474747 3 
157 3 0.7555555555555555 3 
158 3 0.49572649572649574 3 
159 2 0.5555555555555555 3 
160 3 0.49572649572649574 3 
161 1 0.4074074074074074 2 
162 2 0.7407407407407408 3 
163 1 0.8273504273504274 1 
164 3 0.7111111111111111 3 
165 2 0.5555555555555555 1 
166 3 0.5555555555555555 1 
167 3 0.5555555555555555 3 
168 1 0.5347222222222222 3 
169 3 0.4444444444444444 3 
170 2 0.8680555555555555 1 

